0.75 0.05581515654921532 0.0
0.75 0.05595827475190163 0.0
0.75 0.05602983012795448 0.0
0.75 0.05610138922929764 0.0
0.75 0.05617294833064079 0.0
0.75 0.05624450370669365 0.0
0.75 0.056316062808036804 0.0
0.75 0.05638762190937996 0.0
0.75 0.056459181010723114 0.0
0.75 0.05653073638677597 0.0
0.75 0.05653073638677597 0.0
0.75 0.05467698350548744 0.0
0.75 0.04940887913107872 0.0
0.75 0.0444338284432888 0.0
0.75 0.04068280756473541 0.0
0.75 0.036095451563596725 0.0
0.75 -0.02257232740521431 0.0
0.75 0.024674203246831894 0.0
0.75 0.019259467720985413 0.0
0.75 0.013860363513231277 0.0
0.75 0.012530563399195671 0.0
0.75 0.01110683660954237 0.0
0.75 -0.02382270060479641 0.0
0.75 0.008456096053123474 0.0
0.75 0.005813314113765955 0.0
0.75 0.0018739429069682956 0.0
0.75 0.002032878343015909 0.0
0.75 0.0018350002355873585 0.0
0.75 -0.021353548392653465 0.0
0.75 0.0005443836562335491 0.0
0.75 0.0013681557029485703 0.0
0.75 -0.0009733670740388334 0.0
0.75 -0.0012510912492871284 0.0
0.75 -0.0005527424509637058 0.0
0.75 -0.017144137993454933 0.0
0.75 -0.0019243973074480891 0.0
0.75 0.001086135278455913 0.0
0.75 -0.001401272602379322 0.0
0.75 -0.013219225220382214 0.0
0.75 -0.0007683413568884134 0.0
0.75 0.00023555423831567168 0.0
0.75 -0.0014717952581122518 0.0
0.75 -0.009506787173449993 0.0
0.45025634765625 -0.0006301170797087252 0.0
0.0 0.00023149242042563856 0.18727777898311615
0.0 -0.0008080035331659019 0.30000001192092896
0.0 -0.0010644295252859592 0.30000001192092896
0.0 -0.006880751345306635 0.30000001192092896
0.060036852955818176 -0.0006706894491799176 0.0
0.4183489978313446 -2.4924996978370473e-05 0.0
0.75 -0.0005794257740490139 0.0
0.75 -0.0007268460467457771 0.0
0.75 -0.0051802839152514935 0.0
0.75 -1.5977536804712145e-06 0.0
0.75 0.0002879795792978257 0.0
0.44514140486717224 -0.00040935087599791586 0.0
0.056193504482507706 -0.0005825165426358581 0.0
0.0 -0.00379216973669827 0.30000001192092896
0.0 -0.0002599704312160611 0.22144676744937897
0.0 8.624677866464481e-05 0.013246296904981136
0.39930352568626404 -0.00025992351584136486 0.0
0.7176449298858643 -0.00035918617504648864 0.0
0.75 -0.0029155195225030184 0.0
0.75 -0.00020204154134262353 0.0
0.75 7.366164936684072e-05 0.0
0.75 -0.0002288917312398553 0.0
0.4985619783401489 -0.0021769958548247814 0.0
0.0 -0.0001452517753932625 0.00823170691728592
0.0 5.191848686081357e-05 0.26931509375572205
0.0 -0.00021025046589784324 0.30000001192092896
0.022203238680958748 -0.0008366238325834274 0.0
0.3107278645038605 -0.0023197794798761606 0.0
0.7476739883422852 -0.00039674784056842327 0.0
0.75 -9.555721044307575e-05 0.0
0.75 -0.00021820915571879596 0.0
0.75 -0.000245076313149184 0.0
0.75 -0.0012719162041321397 0.0
0.32835373282432556 -0.0001454943703720346 0.0
0.0 5.5000009524519555e-06 0.054841507226228714
0.0 -0.0001591357431607321 0.30000001192092896
0.0 -0.00016646301082801074 0.1723143607378006
0.060138385742902756 -0.0009129421086981893 0.0
0.4751788079738617 9.05328033695696e-06 0.0
0.75 0.00033922315924428403 0.0
0.75 2.7293119273963384e-05 0.0
0.75 -9.708981087896973e-05 0.0
0.75 -0.0006402862491086125 0.0
0.7127192616462708 -2.112655420205556e-05 0.0
0.3674076497554779 1.264482762053376e-05 0.0
0.0 -3.4535565646365285e-05 0.12219072133302689
0.0 -5.1082657591905445e-05 0.2638307511806488
0.0 -0.00046203628880903125 0.2077765166759491
0.16090027987957 -4.978470678906888e-05 0.0
0.4402841329574585 4.100505611859262e-05 0.0
0.75 -4.122310201637447e-05 0.0
0.75 -2.0897483409498818e-05 0.0
0.75 -0.00032515308703295887 0.0
0.75 1.971411802514922e-05 0.0
0.476327121257782 1.113119833462406e-05 0.0
0.00556705379858613 1.1949024155910593e-05 0.0
0.0 -0.0002625130582600832 0.2235276997089386
0.0 -5.579923708864953e-06 0.2551082670688629
0.09270650893449783 2.173757820855826e-05 0.0
0.36418670415878296 0.0003542751946952194 0.0
0.75 0.00013201218098402023 0.0
0.75 -0.00015744761913083494 0.0
0.75 6.316716735454975e-06 0.0
0.75 2.8281729100854136e-05 0.0
0.6123861074447632 1.64472330652643e-05 0.0
0.15314066410064697 -6.323228262772318e-06 0.0
0.0 -0.00012054419494234025 0.1433943659067154
0.0 -8.223166332754772e-06 0.27383989095687866
0.007115453016012907 -2.921148507084581e-06 0.0
0.2594794034957886 -1.0197655683441553e-05 0.0
0.6815176010131836 -2.668648676262819e-06 0.0
0.75 -6.562755152117461e-05 0.0
0.75 -3.3429907489335164e-05 0.0
0.75 -2.765130193438381e-05 0.0
0.75 -2.3596578103024513e-05 0.0
0.3523447811603546 -7.282041224243585e-06 0.0
0.0 -8.232286927523091e-05 0.020721320062875748
0.0 -2.934328767878469e-05 0.30000001192092896
0.0 -1.2140749277023133e-05 0.1741000860929489
0.055518653243780136 3.348503742017783e-05 0.0
0.4712907373905182 0.00011001654638675973 0.0
0.75 7.787582035234664e-06 0.0
0.75 -0.00014327371900435537 0.0
0.75 -4.626609370461665e-05 0.0
0.75 2.467150625307113e-05 0.0
0.719566822052002 1.0367963113822043e-05 0.0
0.3743935525417328 -2.5782333068491425e-06 0.0
0.0 -0.00012345735740382224 0.11974238604307175
0.0 -0.00011448973236838356 0.26820752024650574
0.0 0.00012424768647179008 0.2162536233663559
0.1524370163679123 8.816138870315626e-05 0.0
0.4322604835033417 -6.491270141850691e-06 0.0
0.75 -1.6117084669531323e-05 0.0
0.75 3.8622682041022927e-05 0.0
0.75 2.8519731131382287e-05 0.0
0.75 3.5904002288589254e-05 0.0
0.49270790815353394 2.8012074835714884e-05 0.0
0.02366252802312374 3.432395533309318e-05 0.0
0.0 -1.2762367077812087e-05 0.2129412144422531
0.0 2.1461524738697335e-05 0.25502121448516846
0.08530139178037643 5.068700556876138e-05 0.0
0.3563487231731415 -3.9933376683620736e-05 0.0
0.75 1.2427492947608698e-05 0.0
0.75 2.2239095414988697e-05 0.0
0.75 -5.45761736248096e-07 0.0
0.75 1.5236791114148218e-05 0.0
0.6214960217475891 -3.3444615837652236e-05 0.0
0.16348785161972046 -3.288331936346367e-05 0.0
0.0 -1.7001302694552578e-05 0.1375598907470703
0.0 -3.101560287177563e-05 0.27572157979011536
0.0 -3.1983076951291878e-06 0.00040691992035135627
0.25076720118522644 1.5704610632383265e-05 0.0
0.6743964552879333 3.3636431908234954e-05 0.0
0.75 -4.429203545441851e-05 0.0
0.75 3.106962685706094e-05 0.0
0.75 1.8961001842399128e-05 0.0
0.75 -7.408072997350246e-05 0.0
0.37538784742355347 1.56816986418562e-05 0.0
0.005000937730073929 3.817857941612601e-05 0.0
0.0 -3.824845771305263e-05 0.30000001192092896
0.0 -4.60613846371416e-05 0.1835821270942688
0.0424339659512043 3.5073764593107626e-05 0.0
0.4569222629070282 3.109320095973089e-05 0.0
0.75 -1.1483244634291623e-05 0.0
0.75 3.326229489175603e-05 0.0
0.75 3.0116201742202975e-05 0.0
0.75 -5.824553591082804e-05 0.0
0.7498419284820557 1.5904432075330988e-05 0.0
0.4021262526512146 2.753827538981568e-05 0.0
0.0 -3.5510805901139975e-05 0.11322426050901413
0.0 -4.8944679292617366e-05 0.29247477650642395
0.0 2.2274685761658475e-05 0.25872042775154114
0.11230570077896118 3.4675376809900627e-05 0.0
0.3966311514377594 -3.0825882276985794e-05 0.0
0.75 9.7715383162722e-06 0.0
0.75 4.28430903411936e-05 0.0
0.75 -2.1000065316911787e-05 0.0
0.75 1.2976581274415366e-05 0.0
0.5736537575721741 1.0375648344052024e-05 0.0
0.11055624485015869 -3.7613106542266905e-05 0.0
0.0 -4.648915273719467e-05 0.16617320477962494
0.0 4.460977288545109e-05 0.2641464173793793
0.03820645064115524 2.7924868390982738e-06 0.0
0.2953979969024658 -4.383763734949753e-05 0.0
0.7076178789138794 3.676284177345224e-05 0.0
0.75 1.1585442734940443e-05 0.0
0.75 2.9815835659974255e-05 0.0
0.75 -8.562320545024704e-06 0.0
0.7235898971557617 4.743590579892043e-06 0.0
0.2653957009315491 -3.755281795747578e-05 0.0
0.0 -2.511015372874681e-05 0.09804479032754898
0.0 3.534309144015424e-05 0.30000001192092896
0.0 -9.401847819390241e-06 0.12087429314851761
0.11880439519882202 -3.222304076189175e-05 0.0
0.5332611203193665 4.045656169182621e-05 0.0
0.75 1.0540779840084724e-05 0.0
0.75 3.0162351322360337e-05 0.0
0.75 -8.853740837366786e-06 0.0
0.75 -5.5869502830319107e-05 0.0
0.5798383951187134 -1.998464313146542e-06 0.0
0.23726576566696167 1.4390712749445811e-05 0.0
0.0 -2.4251488866866566e-05 0.1681462824344635
0.0 -3.955542342737317e-05 0.1834646463394165
0.0 1.9430344764259644e-05 0.05933947116136551
0.3118184506893158 4.6487184590660036e-05 0.0
0.6030035018920898 -6.929231312824413e-05 0.0
0.75 3.952857241529273e-06 0.0
0.75 3.9207003283081576e-05 0.0
0.75 3.793612995650619e-05 0.0
0.6471894383430481 -4.82601644762326e-05 0.0
0.3359258472919464 -1.2502625395427458e-05 0.0
0.0 3.527033913997002e-05 0.08864068984985352
0.0 -2.1366378859966062e-05 0.1791229248046875
0.0 -3.8543490518350154e-05 0.1072382926940918
0.24653860926628113 9.377868082083296e-06 0.0
0.5220423936843872 3.709124575834721e-05 0.0
0.75 2.4207278329413384e-05 0.0
0.75 4.833798925574229e-07 0.0
0.75 3.903550896211527e-05 0.0
0.6536855697631836 -4.112676469958387e-05 0.0
0.35945653915405273 -3.70590751117561e-05 0.0
0.0 3.7407608033390716e-05 0.05786282196640968
0.0 -6.243669304240029e-06 0.16414755582809448
0.0 -4.174573768978007e-05 0.10825575888156891
0.23941737413406372 -3.656144372143899e-06 0.0
0.511664092540741 3.84370687243063e-05 0.0
0.75 2.6086063371622004e-05 0.0
0.75 2.4917964765336365e-05 0.0
0.75 -2.6012388843810186e-05 0.0
0.6547142267227173 -2.6301195248379372e-05 0.0
0.3623133599758148 4.500201248447411e-05 0.0
0.0 -2.888307790271938e-05 0.0544755682349205
0.0 -3.995697625214234e-05 0.1632479578256607
0.0 -3.0837281883577816e-07 0.10921794176101685
0.23794646561145782 3.094021667493507e-05 0.0
0.5098500847816467 -1.719475767458789e-05 0.0
0.75 2.0558380128932185e-05 0.0
0.75 2.8000758902635425e-05 0.0
0.75 -2.1046573237981647e-05 0.0
0.6548820734024048 -1.7398740965290926e-05 0.0
0.3632558584213257 4.2625142668839544e-05 0.0
0.0 -3.211418152204715e-05 0.05318472161889076
0.0 -4.1064053220907226e-05 0.16274100542068481
0.0 1.198153586301487e-05 0.10929599404335022
0.23767900466918945 3.048385406145826e-05 0.0
0.5094797611236572 -3.957221997552551e-05 0.0
0.75 3.133977224933915e-05 0.0
0.75 2.91766737063881e-05 0.0
0.75 -2.20395431824727e-05 0.0
0.6550135016441345 -6.80383936924045e-06 0.0
0.36347466707229614 4.326961425249465e-05 0.0
0.0 -3.342441777931526e-05 0.053016792982816696
0.0 -4.109662040718831e-05 0.16276668012142181
0.0 1.5498312677664217e-07 0.10940762609243393
0.23750926554203033 4.2545485484879464e-05 0.0
0.5092864036560059 -2.773282722046133e-05 0.0
0.75 8.96010624273913e-06 0.0
0.75 4.077589983353391e-05 0.0
0.75 -6.7992300500918645e-06 0.0
0.6551952958106995 -8.177069685189053e-05 0.0
0.3636738061904907 3.440324144321494e-05 0.0
0.0 1.5172296116361395e-05 0.05289333313703537
0.0 -3.547911182977259e-05 0.1628667712211609
0.0 -6.974487405386753e-06 0.10968318581581116
0.2372678965330124 2.982573823828716e-05 0.0
0.5090587139129639 1.614594475540798e-05 0.0
0.75 3.739785825018771e-05 0.0
0.75 -6.492434476967901e-05 0.0
0.75 3.160934284096584e-05 0.0
0.6554103493690491 2.345004031667486e-05 0.0
0.36395740509033203 -3.988358730566688e-05 0.0
0.0 -1.5789712051628157e-05 0.05270877480506897
0.0 -3.6764350852536154e-07 0.16296713054180145
0.0 -3.330397521494888e-05 0.10990028828382492
0.236978679895401 3.6902671126881614e-05 0.0
0.5087555050849915 1.7213222236023284e-05 0.0
0.75 3.63243707397487e-05 0.0
0.75 -6.506714271381497e-05 0.0
0.75 3.0884122679708526e-05 0.0
0.6557322144508362 2.314525772817433e-05 0.0
0.3642897307872772 -4.095185431651771e-05 0.0
0.0 -4.351772986410651e-06 0.05256882682442665
0.0 -3.143870708299801e-05 0.16311916708946228
0.0 2.998627860506531e-05 0.11026199907064438
0.2366200089454651 9.766866241989192e-06 0.0
0.5083590149879456 1.7450314544475987e-06 0.0
0.75 2.757659058261197e-05 0.0
0.75 1.950441856024554e-06 0.0
0.75 2.4670132916071452e-05 0.0
0.6561083197593689 -2.5703373466967605e-05 0.0
0.36471429467201233 -3.9608730730833486e-05 0.0
0.0 9.566088920109905e-06 0.05232945829629898
0.0 3.9065225792001e-06 0.16332975029945374
0.0 -3.581509736250155e-05 0.1106925904750824
0.23614129424095154 2.649107227625791e-05 0.0
0.5078558325767517 3.064095653826371e-05 0.0
0.75 -1.1047228326788172e-05 0.0
0.75 1.3274588127387688e-05 0.0
0.75 2.804999894578941e-05 0.0
0.6566596627235413 -3.885998376063071e-05 0.0
0.36533138155937195 7.0402766141342e-06 0.0
0.0 -2.6781513952300884e-05 0.0520179308950901
0.0 -3.2925032428465784e-05 0.16368447244167328
0.0 4.340528539614752e-05 0.11141185462474823
0.2354004979133606 -1.2838608199672308e-05 0.0
0.5071077942848206 2.519599365768954e-05 0.0
0.75 -3.276398729212815e-06 0.0
0.75 3.339706745464355e-05 0.0
0.75 6.731253051839303e-06 0.0
0.6575291752815247 -4.101472950424068e-05 0.0
0.3662806749343872 3.4349981433479115e-05 0.0
0.0 -4.085429827682674e-05 0.05155932158231735
0.0 -3.5463923268252984e-05 0.16420122981071472
0.0 4.538319990388118e-05 0.11249944567680359
0.2343774288892746 1.4860124242233042e-10 0.0
0.5059841871261597 -2.3470051019103266e-05 0.0
0.75 2.0866686099907383e-05 0.0
0.75 3.664322866825387e-05 0.0
0.75 -1.94447893591132e-05 0.0
0.65861976146698 4.237573193677235e-06 0.0
0.36756080389022827 -5.121631261317816e-07 0.0
0.0 -5.196293932385743e-05 0.05084831640124321
0.0 9.24652886169497e-06 0.16481567919254303
0.0 3.5473392927087843e-05 0.11383910477161407
0.23299230635166168 -4.0659349906491116e-05 0.0
0.5045710206031799 1.387734209856717e-05 0.0
0.75 1.4730388102179859e-05 0.0
0.75 2.3949707610881887e-05 0.0
0.75 3.730073512997478e-05 0.0
0.6601223349571228 -4.204920696793124e-05 0.0
0.36923277378082275 -2.538824628572911e-05 0.0
0.0 4.629722752724774e-05 0.049975812435150146
0.0 -2.8430709789972752e-05 0.16572611033916473
0.0 -3.9610506064491346e-05 0.11574980616569519
0.23114588856697083 2.0965346266166307e-05 0.0
0.5026475191116333 2.5570518118911423e-05 0.0
0.75 1.2014083949907217e-05 0.0
0.75 3.367274621268734e-05 0.0
0.75 -2.9350307158892974e-05 0.0
0.6620648503303528 6.520680926769273e-06 0.0
0.37147173285484314 -4.244051888235845e-05 0.0
0.0 1.1135884960822295e-05 0.048734936863183975
0.0 -1.8251546862302348e-05 0.1668063998222351
0.0 -1.534578768769279e-05 0.11809469014406204
0.2287205159664154 3.1529838452115655e-05 0.0
0.5000969767570496 1.0807984835992102e-05 0.0
0.75 2.0439956642803736e-05 0.0
0.75 2.497350942576304e-05 0.0
0.75 -4.222415009280667e-05 0.0
0.6646789908409119 1.909991988213733e-05 0.0
0.3744756877422333 -2.014193705690559e-05 0.0
0.0 -3.322641714476049e-05 0.04713432118296623
0.0 2.281612432852853e-05 0.16833440959453583
0.0 -2.3325561414822005e-05 0.12149317562580109
0.22531966865062714 3.1826368740439648e-06 0.0
0.4964428246021271 1.48240815178724e-05 0.0
0.75 3.3864584111142904e-05 0.0
0.75 1.2952576071256772e-05 0.0
0.75 -4.538957728073001e-05 0.0
0.6685085892677307 4.428721877047792e-05 0.0
0.37878909707069397 -3.271199966548011e-05 0.0
0.0 -3.6302975786384195e-05 0.044817179441452026
0.0 4.709441418526694e-05 0.17056804895401
0.0 -3.4382515877950937e-05 0.12658412754535675
0.22026240825653076 -1.981164314202033e-05 0.0
0.49126169085502625 2.5807608835748397e-05 0.0
0.75 3.7541882193181664e-05 0.0
0.75 1.2217866242281161e-05 0.0
0.75 -4.708480628323741e-05 0.0
0.6740171313285828 4.430071930983104e-05 0.0
0.38508540391921997 -2.182012212870177e-05 0.0
0.0 -3.608786209952086e-05 0.04152941703796387
0.0 1.1526562047947664e-05 0.1738196760416031
0.0 7.66950904562691e-07 0.13400594890117645
0.21293090283870697 -4.6907702198950574e-05 0.0
0.4835841953754425 3.364557051099837e-05 0.0
0.75 2.9048804208287038e-05 0.0
0.75 3.448601273703389e-05 0.0
0.75 -3.553080023266375e-05 0.0
0.6820909976959229 6.4727528297225945e-06 0.0
0.3942687511444092 3.3311695005977526e-05 0.0
0.0 -3.3396358048776165e-05 0.03668199107050896
0.0 -2.7287947887089103e-05 0.17863032221794128
0.0 2.576815677457489e-05 0.14488816261291504
0.20217740535736084 -3.5031058359891176e-05 0.0
0.4724099636077881 3.430634751566686e-05 0.0
0.75 4.0426810301141813e-05 0.0
0.75 -2.142458106391132e-05 0.0
0.75 2.6061317839776166e-05 0.0
0.6939851641654968 -2.7933592718909495e-05 0.0
0.407722145318985 6.57987311569741e-06 0.0
0.0 -3.195288809365593e-05 0.02967069298028946
0.0 -2.4802142434054986e-05 0.1859590709209442
0.0 4.993554830434732e-05 0.16187264025211334
0.18527020514011383 -4.8412010073661804e-05 0.0
0.4547726511955261 2.0616804249584675e-05 0.0
0.75 2.9767354135401547e-05 0.0
0.75 3.800227932515554e-05 0.0
0.75 -3.426635157666169e-05 0.0
0.7123563885688782 3.989754532085499e-06 0.0
0.42868006229400635 2.37395925068995e-05 0.0
0.0 -3.37876335834153e-05 0.018538683652877808
0.0 -3.8463796954602e-05 0.19762758910655975
0.0 2.3530430553364567e-05 0.18941175937652588
0.15773558616638184 1.1676457688736264e-05 0.0
0.42684486508369446 -3.009979445778299e-05 0.0
0.75 3.3945390896406025e-05 0.0
0.75 3.0103778044576757e-05 0.0
0.75 2.205251803388819e-06 0.0
0.75 -6.409973866539076e-05 0.0
0.4714053273200989 2.8492204364738427e-05 0.0
0.002881434513255954 1.574076304677874e-05 0.0
0.0 -4.070792783750221e-05 0.22219029068946838
0.0 -1.380223056912655e-05 0.2501543462276459
0.0983763113617897 4.1364244680153206e-05 0.0
0.37279340624809265 -4.7994508349802345e-06 0.0
0.75 -1.2287762274354463e-06 0.0
0.75 2.7954984034295194e-05 0.0
0.75 1.2907948075735476e-05 0.0
0.75 -6.625875357713085e-06 0.0
0.5956845879554749 -3.741918771993369e-05 0.0
0.13576416671276093 3.500990351312794e-05 0.0
0.0 -7.761548658891115e-06 0.1515665203332901
0.0 -5.256446456769481e-05 0.2679857015609741
0.02216668240725994 6.608967851207126e-06 0.0
0.2759956121444702 4.341456588008441e-05 0.0
0.6925488114356995 -3.086550350417383e-05 0.0
0.75 3.617522452259436e-05 0.0
0.75 -4.701009856944438e-06 0.0
0.75 3.445745096541941e-05 0.0
0.75 -2.526419484638609e-05 0.0
0.30492284893989563 -2.7861606213264167e-05 0.0
0.0 3.968206874560565e-05 0.07404030859470367
0.0 -5.0051025027642027e-05 0.30000001192092896
0.0 -1.740282641549129e-05 0.15805678069591522
0.07752259075641632 4.433705908013508e-05 0.0
0.4941712021827698 -1.58514467329951e-05 0.0
0.75 2.5056533559109084e-05 0.0
0.75 5.2248237807361875e-06 0.0
0.75 4.415025978232734e-05 0.0
0.75 -3.683326576719992e-05 0.0
0.6749244928359985 6.055112407921115e-06 0.0
0.33185145258903503 -4.00440112571232e-05 0.0
0.0 1.1554447155504022e-05 0.13202401995658875
0.0 -1.775638884282671e-05 0.23658880591392517
0.0 -2.6702422474045306e-05 0.1587831974029541
0.20843380689620972 3.072701656492427e-05 0.0
0.48804646730422974 2.3585047529195435e-05 0.0
0.75 9.210510143020656e-06 0.0
0.75 3.365547308931127e-05 0.0
0.75 -2.8893762646475807e-05 0.0
0.7004346251487732 1.857194183685351e-05 0.0
0.4096042811870575 -3.383079092600383e-05 0.0
0.0 -3.184395609423518e-05 0.03464485704898834
0.0 4.727148552774452e-05 0.19459381699562073
0.0 -3.3311094739474356e-05 0.171542689204216
0.1771574765443802 -3.587941318983212e-05 0.0
0.4471457302570343 3.085361822741106e-05 0.0
0.75 3.7896137655479833e-05 0.0
0.75 1.1309712135698646e-05 0.0
0.75 -4.703951708506793e-05 0.0
0.72316974401474 4.2306248360546306e-05 0.0
0.44043412804603577 -2.0423975001904182e-05 0.0
0.0 -3.6355038901092485e-05 0.013027301989495754
0.0 2.2989523131400347e-05 0.20513878762722015
0.0 -1.0727879271144047e-05 0.20689180493354797
0.14091064035892487 -3.367132740095258e-05 0.0
0.41076135635375977 3.1115927413338795e-05 0.0
0.75 2.7315727493260056e-05 0.0
0.75 3.3847958547994494e-05 0.0
0.75 -2.1948328139842488e-05 0.0
0.75 1.683816844888497e-05 0.0
0.5047088861465454 -2.3823753508622758e-05 0.0
0.03968615457415581 -3.3068059565266594e-05 0.0
0.0 3.644845855887979e-05 0.20058412849903107
0.0 -2.1790658138343133e-05 0.2500073313713074
0.0833282619714737 -4.838521272176877e-05 0.0
0.35045430064201355 3.502529943943955e-05 0.0
0.75 2.957270589831751e-05 0.0
0.75 3.389640914974734e-05 0.0
0.75 -3.521208782331087e-05 0.0
0.75 4.130887100473046e-05 0.0
0.6227269768714905 -2.548462180129718e-05 0.0
0.16586600244045258 -3.6355537304189056e-05 0.0
0.0 4.8263176722684875e-05 0.13513444364070892
0.0 -3.2779451430542395e-05 0.2744421362876892
0.0 -4.0958930185297504e-05 0.0005097251269035041
0.25001829862594604 3.824133818852715e-05 0.0
0.6733505725860596 3.096010550507344e-05 0.0
0.75 5.933913485023368e-07 0.0
0.75 3.7141842767596245e-05 0.0
0.75 -3.476919300737791e-05 0.0
0.75 4.023120709462091e-06 0.0
0.3755001723766327 1.3346263585845008e-05 0.0
0.005227945279330015 -3.4589204005897045e-05 0.0
0.0 -3.786728484556079e-05 0.30000001192092896
0.0 1.4027732504473533e-05 0.1833774447441101
0.04258225858211517 2.07869252335513e-05 0.0
0.4569393992424011 -3.0757895729038864e-05 0.0
0.75 3.497003854135983e-05 0.0
0.75 4.3572985305218026e-05 0.0
0.75 -4.5941818825667724e-05 0.0
0.75 3.1245308491634205e-05 0.0
0.7492629885673523 2.2304537196760066e-05 0.0
0.4016175866127014 -2.725183730944991e-05 0.0
0.0 -3.906848360202275e-05 0.11331474035978317
0.0 -3.084031413891353e-05 0.2919430732727051
0.0 4.605164212989621e-05 0.2578815221786499
0.11311216652393341 -2.2689448087476194e-05 0.0
0.3973952531814575 2.4317751012858935e-05 0.0
0.75 3.132642450509593e-05 0.0
0.75 -3.129131437162869e-05 0.0
0.75 3.2492356695001945e-05 0.0
0.75 2.013559605984483e-05 0.0
0.571862518787384 -4.1205006709787995e-05 0.0
0.10871965438127518 -2.0684457922470756e-05 0.0
0.0 4.667525354307145e-05 0.16695573925971985
0.0 -3.0125347620924003e-05 0.2634429931640625
0.03976697847247124 -4.312569217290729e-05 0.0
0.29708799719810486 4.365032145869918e-05 0.0
0.7088461518287659 1.2968796909262892e-05 0.0
0.75 3.163905785186216e-05 0.0
0.75 -3.0252786018536426e-05 0.0
0.75 2.6722647817223333e-05 0.0
0.7197970747947693 1.252872243640013e-05 0.0
0.2618526518344879 -6.0270023823250085e-05 0.0
0.0 -1.133095452132693e-06 0.09906146675348282
0.0 -4.830072157346876e-06 0.30000001192092896
0.0 -2.5695821022964083e-05 0.11561814695596695
0.12430694699287415 3.0406179575948045e-05 0.0
0.5385022163391113 1.342333052889444e-05 0.0
0.75 2.146881706721615e-05 0.0
0.75 3.548391759977676e-05 0.0
0.75 -4.313057797844522e-05 0.0
0.75 2.816602682287339e-05 0.0
0.568061888217926 -3.561025732778944e-05 0.0
0.22515623271465302 -3.3022020033968147e-06 0.0
0.0 -3.077214569202624e-05 0.1734226495027542
0.0 -1.6577218957536388e-06 0.17798744142055511
0.0 4.768855797010474e-05 0.04855847731232643
0.3235461115837097 -5.383044481277466e-05 0.0
0.6169831156730652 8.902094123186544e-06 0.0
0.75 4.092722156201489e-05 0.0
0.75 2.706528357521165e-05 0.0
0.75 -2.357526682317257e-05 0.0
0.667238712310791 -1.7115529772127047e-05 0.0
0.3519519567489624 4.373691263026558e-05 0.0
0.0 -3.1816296541364864e-05 0.08795422315597534
0.0 -4.048119080835022e-05 0.19711406528949738
0.0 1.5018297290225746e-06 0.13435405492782593
0.2214452177286148 4.204949800623581e-05 0.0
0.496513694524765 -6.428399046853883e-06 0.0
0.75 -1.763385625963565e-06 0.0
0.75 2.792892155412119e-05 0.0
0.75 6.940620096429484e-06 0.0
0.6786419749259949 -6.340708205243573e-05 0.0
0.38787490129470825 3.990902769146487e-05 0.0
0.0 4.446218554221559e-06 0.042707838118076324
0.0 -4.1587081796023995e-05 0.17862175405025482
0.0 -1.4384186215465888e-05 0.14050553739070892
0.20717757940292358 3.0694438464706764e-05 0.0
0.4778725802898407 2.7683214284479618e-05 0.0
0.75 -4.5122913434170187e-05 0.0
0.75 3.6854671634500846e-05 0.0
0.75 -1.0969758932333207e-06 0.0
0.6888954043388367 3.4989556297659874e-05 0.0
0.4018056392669678 -3.552583075361326e-05 0.0
0.0 -3.811313217738643e-05 0.03297092020511627
0.0 5.206764399190433e-05 0.18291041254997253
0.0 -4.78774709335994e-05 0.15436339378356934
0.1928412914276123 -1.0812123036885168e-05 0.0
0.4627412259578705 2.8428852601791732e-05 0.0
0.75 4.004068250651471e-05 0.0
0.75 -1.003225588647183e-05 0.0
0.75 -2.247571865154896e-05 0.0
0.7042441368103027 2.8363156161503866e-05 0.0
0.4193713068962097 7.723465387243778e-07 0.0
0.0 -3.8130667235236615e-05 0.023549776524305344
0.0 -1.3953253073850647e-05 0.19246762990951538
0.0 1.5315710015784134e-06 0.1771986186504364
0.1699087917804718 4.027293107355945e-05 0.0
0.43919020891189575 -4.035269739688374e-05 0.0
0.75 9.034432878252119e-06 0.0
0.75 4.420597542775795e-05 0.0
0.75 -2.05199139600154e-05 0.0
0.7330066561698914 1.2525038073363248e-05 0.0
0.4515452980995178 -6.310545472842932e-07 0.0
0.0 -3.721649409271777e-05 0.0073680817149579525
0.0 -2.3283228074433282e-05 0.2117205113172531
0.0 3.342714626342058e-05 0.22306153178215027
0.12527571618556976 -1.1544944754859898e-05 0.0
0.39653193950653076 1.7863134189610719e-06 0.0
0.75 2.7811767722596414e-05 0.0
0.75 1.4513561836793087e-05 0.0
0.75 2.258129279653076e-05 0.0
0.75 -2.7449432309367694e-05 0.0
0.5354716181755066 7.182537956396118e-06 0.0
0.07355745881795883 -3.3822612749645486e-05 0.0
0.0 -4.529545549303293e-05 0.18100214004516602
0.0 4.391015681903809e-05 0.25028151273727417
0.06829866766929626 1.6097841353257536e-06 0.0
0.32877233624458313 -1.0457484677317552e-05 0.0
0.7319499254226685 2.6533632990322076e-05 0.0
0.75 1.630735096114222e-05 0.0
0.75 2.278600550198462e-05 0.0
0.75 -2.8393504180712625e-05 0.0
0.6509541869163513 6.0459738051577006e-06 0.0
0.19683590531349182 -1.0862831004487816e-05 0.0
0.0 -3.917793947039172e-05 0.11887376755475998
0.0 1.1013479706889484e-05 0.28240424394607544
0.0 1.2812806744477712e-05 0.025318879634141922
0.22156354784965515 -4.201564661343582e-05 0.0
0.6409103870391846 2.4885230232030153e-05 0.0
0.75 1.353932839265326e-05 0.0
0.75 3.0710674764122814e-05 0.0
0.75 1.3277259313326795e-05 0.0
0.75 -4.404309220262803e-05 0.0
0.4043870270252228 2.056454832199961e-05 0.0
0.0406966470181942 -1.610947037988808e-05 0.0
0.0 -3.335955261718482e-05 0.2850535809993744
0.0 9.541095096210483e-06 0.17236359417438507
0.038361404091119766 4.639090911950916e-05 0.0
0.44389843940734863 -1.8775024727801792e-05 0.0
0.7469114661216736 -1.6107735063997097e-05 0.0
0.75 2.543211121519562e-05 0.0
0.75 3.968525561504066e-05 0.0
0.75 -7.980719601619057e-06 0.0
0.7358883023262024 -4.571845420286991e-05 0.0
0.3922475576400757 1.4122217180556618e-05 0.0
0.0 4.527039436652558e-06 0.1111438199877739
0.0 -3.5777899029199034e-05 0.2777232229709625
0.0 -3.602621518439264e-06 0.2378048449754715
0.13111117482185364 2.092451359203551e-05 0.0
0.4126608073711395 2.5160135919577442e-05 0.0
0.75 -9.943863005901221e-06 0.0
0.75 3.582130011636764e-05 0.0
0.75 7.580684723507147e-06 0.0
0.75 -6.303865666268393e-05 0.0
0.534557580947876 2.7946443879045546e-05 0.0
0.06979392468929291 4.913743850920582e-06 0.0
0.0 -3.834936433122493e-05 0.1861346960067749
0.0 -3.32943159264687e-06 0.2553124725818634
0.06528174877166748 3.108035525656305e-05 0.0
0.3272716999053955 -2.6425330361234955e-05 0.0
0.7321667075157166 2.1249623387120664e-05 0.0
0.75 2.766488069028128e-05 0.0
0.75 3.1608822155249072e-06 0.0
0.75 -3.15226789098233e-05 0.0
0.658981204032898 3.8450059946626425e-05 0.0
0.20385268330574036 -2.084977131744381e-05 0.0
0.0 -2.7419535399531014e-05 0.11742275208234787
0.0 -3.707657742779702e-05 0.2881026864051819
0.0 2.5400575395906344e-05 0.034940507262945175
0.2119491696357727 2.9795839509461075e-05 0.0
0.6303419470787048 -3.278008443885483e-05 0.0
0.75 3.490501694614068e-05 0.0
0.75 3.190573625033721e-05 0.0
0.75 -3.3947540941881016e-05 0.0
0.75 1.3270278941490687e-05 0.0
0.4159509539604187 1.1854978765768465e-05 0.0
0.05461284890770912 -2.4967022909549996e-05 0.0
0.0 -4.7854471631580964e-05 0.2751322388648987
0.0 2.120143108186312e-05 0.16866430640220642
0.03539949655532837 2.239095192635432e-05 0.0
0.4377545416355133 -3.123332135146484e-05 0.0
0.7403149008750916 2.4334520276170224e-05 0.0
0.75 4.486403486225754e-05 0.0
0.75 -3.427950287004933e-05 0.0
0.75 3.2023232051869854e-05 0.0
0.7345268726348877 1.030451494443696e-05 0.0
0.392093688249588 -4.042651198687963e-05 0.0
0.0 -4.8712412535678595e-05 0.1095464900135994
0.0 4.6482207835651934e-05 0.27535635232925415
0.0 -1.8792801711242646e-05 0.23546940088272095
0.13294164836406708 -2.229632627859246e-05 0.0
0.41404813528060913 2.903149106714409e-05 0.0
0.75 2.1438318071886897e-05 0.0
0.75 2.1362280676839873e-05 0.0
0.75 2.3209056507766945e-06 0.0
0.75 -2.982361002068501e-05 0.0
0.5308154225349426 3.405692405067384e-05 0.0
0.06575603783130646 -4.330881347414106e-05 0.0
0.0 -3.520406971802004e-05 0.18839536607265472
0.0 3.577994357328862e-05 0.25514107942581177
0.06727990508079529 -1.0731082511483692e-05 0.0
0.3300735652446747 2.7350661184755154e-06 0.0
0.734653651714325 2.2193911718204618e-05 0.0
0.75 2.3809860067558475e-05 0.0
0.75 2.4094163109111832e-06 0.0
0.75 4.494192126003327e-06 0.0
0.6545478105545044 -1.540736593597103e-05 0.0
0.19947701692581177 -5.332868022378534e-05 0.0
0.0 4.459483898244798e-05 0.1191190630197525
0.0 -1.8217784599983133e-05 0.28548797965049744
0.0 -4.477998299989849e-05 0.029746361076831818
0.21732847392559052 3.0576338758692145e-05 0.0
0.6363616585731506 2.8907108571729623e-05 0.0
0.75 3.278867370681837e-05 0.0
0.75 -3.405642564757727e-05 0.0
0.75 3.8465583202196285e-05 0.0
0.75 1.303888075199211e-05 0.0
0.40972381830215454 -7.495561294490471e-05 0.0
0.047066692262887955 9.689380021882243e-06 0.0
0.0 1.846604936872609e-05 0.28053227066993713
0.0 -2.6083083866978996e-05 0.17075245082378387
0.03697573021054268 -2.6081255782628432e-05 0.0
0.441023588180542 3.621845826273784e-05 0.0
0.7438245415687561 3.7711452023359016e-05 0.0
0.75 -2.0926331956161448e-07 0.0
0.75 1.2544591299956664e-05 0.0
0.75 9.773950296221301e-06 0.0
0.7352910041809082 -3.4248121664859354e-05 0.0
0.3921903669834137 9.848291483649518e-06 0.0
0.0 -3.1094514270080253e-05 0.11041384190320969
0.0 -3.8156271330080926e-05 0.2766337990760803
0.0 2.553161721152719e-05 0.23669880628585815
0.13195186853408813 9.37155527935829e-06 0.0
0.41330158710479736 1.016666374198394e-06 0.0
0.75 2.391444650129415e-05 0.0
0.75 4.0483937482349575e-05 0.0
0.75 -0.000136636255774647 0.0
0.75 -3.573987851268612e-05 0.0
0.5330842733383179 4.292332596378401e-05 0.0
0.06814286857843399 -2.8383705284795724e-05 0.0
0.0 -4.4707154302159324e-05 0.18709388375282288
0.0 -1.7067139197024517e-05 0.25535789132118225
0.06598445773124695 2.91059313894948e-05 0.0
0.32838761806488037 2.551162469899282e-05 0.0
0.7329373955726624 0.00011102959979325533 0.0
0.75 7.33936540200375e-05 0.0
0.75 -5.166016489965841e-05 0.0
0.75 3.0243742003221996e-05 0.0
0.6570425629615784 4.522075323620811e-05 0.0
0.20202350616455078 -3.123368514934555e-05 0.0
0.0 -4.919959246763028e-05 0.1180218830704689
0.0 2.867274815798737e-05 0.2868308126926422
0.0 1.8879845811170526e-05 0.032597027719020844
0.21434396505355835 -3.83696096832864e-05 0.0
0.6330335140228271 3.828949775197543e-05 0.0
0.75 3.342334457556717e-05 0.0
0.75 -2.2879896278027445e-05 0.0
0.75 3.516735159792006e-05 0.0
0.75 1.1158134839206468e-05 0.0
0.4131384491920471 -3.943966294173151e-05 0.0
0.05119607225060463 -4.0451701352139935e-05 0.0
0.0 3.749223469640128e-05 0.27755576372146606
0.0 -0.00025865872157737613 0.16886091232299805
0.03676749765872955 -0.00014836540503893048 0.0
0.43966343998908997 -7.279712917807046e-06 0.0
0.7419684529304504 8.350448865712679e-07 0.0
0.75 -9.653356755734421e-06 0.0
0.75 1.4878267393214628e-05 0.0
0.75 -4.604826608556323e-05 0.0
0.7326574325561523 5.098719157103915e-06 0.0
0.39019709825515747 -2.9325057766982354e-05 0.0
0.0 -4.059179627802223e-05 0.11029227077960968
0.0 6.193896751938155e-06 0.27407288551330566
0.0 -1.6024496289901435e-05 0.2329607605934143
0.1353621929883957 7.805933250892849e-07 0.0
0.4163087010383606 2.2908634491614066e-05 0.0
0.75 2.832698191923555e-05 0.0
0.75 3.862346420646645e-05 0.0
0.75 3.6510068639472593e-06 0.0
0.75 1.681895628280472e-05 0.0
0.75 -2.5451763576711528e-05 0.0
0.75 2.0250186935300007e-05 0.0
0.46344202756881714 -6.1234527493070345e-06 0.0
0.0 -3.3940748835448176e-05 0.0817367285490036
0.0 -5.616839916910976e-05 0.30000001192092896
0.0 3.407190160942264e-05 0.30000001192092896
0.019737405702471733 -6.853932518424699e-06 0.0
0.30910080671310425 -9.832328032644e-06 0.0
0.7485381364822388 3.78991462639533e-05 0.0
0.75 2.873436824302189e-05 0.0
0.75 -4.712794907391071e-05 0.0
0.75 2.3390746719087474e-05 0.0
0.75 4.6370951167773455e-05 0.0
0.3416830897331238 -3.917591675417498e-05 0.0
0.0 -5.57030325580854e-05 0.04021118953824043
0.0 3.592623397707939e-05 0.30000001192092896
0.0 -1.5312936739064753e-05 0.1779933124780655
0.052987661212682724 -1.8545759303378873e-05 0.0
0.46949896216392517 2.8996792025282048e-05 0.0
0.75 9.930285159498453e-06 0.0
0.75 3.0319586585392244e-05 0.0
0.75 1.3731469152844511e-05 0.0
0.75 -4.3304942664690316e-05 0.0
0.7308845520019531 4.4340253225527704e-05 0.0
0.38389962911605835 -4.3938787712249905e-05 0.0
0.0 -3.4089105611201376e-05 0.11859608441591263
0.0 4.8440029786434025e-05 0.27818602323532104
0.0 -3.268152067903429e-05 0.23260977864265442
0.13732847571372986 -2.38343418459408e-05 0.0
0.41895925998687744 1.8395181541563943e-05 0.0
0.75 3.6288627597969025e-05 0.0
0.75 1.245893508894369e-05 0.0
0.75 -1.2791010028934124e-08 0.0
0.75 4.295385588193312e-05 0.0
0.5230786800384521 -6.42650993540883e-05 0.0
0.056991081684827805 -2.146751285181381e-06 0.0
0.0 8.324675036419649e-06 0.19375352561473846
0.0 -3.4723925637081265e-05 0.25554242730140686
0.07095619291067123 6.519333510368597e-06 0.0
0.3355332314968109 6.144153303466737e-06 0.0
0.7397559881210327 3.415059472899884e-05 0.0
0.75 1.314335622737417e-05 0.0
0.75 9.77188506112725e-07 0.0
0.75 5.9785124904010445e-06 0.0
0.6477844715118408 -4.964468098478392e-05 0.0
0.19246411323547363 2.087034772557672e-05 0.0
0.0 -1.77935762621928e-05 0.12214735150337219
0.0 -2.6815649107447825e-05 0.28275758028030396
0.0 9.861113881015626e-08 0.023225577548146248
0.22448493540287018 2.7156571377418004e-05 0.0
0.6443079113960266 3.6182838812237605e-05 0.0
0.75 -4.518616697168909e-05 0.0
0.75 3.356012894073501e-05 0.0
0.75 3.4176482586190104e-05 0.0
0.75 -5.6638320529600605e-05 0.0
0.40134504437446594 1.622053787286859e-05 0.0
0.03702198714017868 5.537701781577198e-06 0.0
0.0 -3.711156386998482e-05 0.2877694070339203
0.0 -3.375753294676542e-05 0.17350807785987854
0.03901391848921776 4.002569039585069e-05 0.0
0.4454699754714966 4.2218522139592096e-05 0.0
0.7486861944198608 -4.646330853574909e-05 0.0
0.75 8.512723979947623e-06 0.0
0.75 2.0352978026494384e-05 0.0
0.75 2.470932849973906e-05 0.0
0.7366704940795898 -6.647333975706715e-06 0.0
0.3926725387573242 -4.004735455964692e-05 0.0
0.0 1.2742806575261056e-05 0.11145421117544174
0.0 -2.1518057110370137e-05 0.2786993682384491
0.0 -3.4606840927153826e-05 0.2390364557504654
0.13006186485290527 4.0188886487158015e-05 0.0
0.41182801127433777 1.833152782637626e-05 0.0
0.75 1.1572327821340878e-05 0.0
0.75 1.5838731997064315e-06 0.0
0.75 3.2828284020069987e-05 0.0
0.75 -1.3244421097624581e-05 0.0
0.536644697189331 -4.0289472963195294e-05 0.0
0.07206633687019348 3.839403871097602e-05 0.0
0.0 -3.914059197995812e-05 0.1848902702331543
0.0 -3.583582292776555e-05 0.2554247975349426
0.06411521136760712 4.406875086715445e-05 0.0
0.32570499181747437 -2.706610302993795e-06 0.0
0.7307656407356262 -8.211812314584677e-07 0.0
0.75 6.611952358070994e-06 0.0
0.75 3.529894820530899e-05 0.0
0.75 -6.356768153636949e-06 0.0
0.6616063714027405 -4.3520911276573315e-05 0.0
0.20642396807670593 -5.6722378758422565e-06 0.0
0.0 3.532965638441965e-05 0.11649002134799957
0.0 -3.2508542062714696e-05 0.2896697521209717
0.0 -3.1553543522022665e-05 0.038043536245822906
0.20868077874183655 4.3744483264163136e-05 0.0
0.6267659664154053 -7.500518677261425e-06 0.0
0.75 3.0124490876914933e-05 0.0
0.75 2.6351070118835196e-05 0.0
0.75 -7.969265425344929e-06 0.0
0.75 -4.306411574361846e-05 0.0
0.4201667308807373 2.356516597501468e-05 0.0
0.05965595692396164 -5.563959803112084e-06 0.0
0.0 -2.401656638539862e-05 0.2714941203594208
0.0 -3.688874494400807e-05 0.16730853915214539
0.03435083106160164 3.3189771784236655e-05 0.0
0.43545234203338623 2.7890082492376678e-05 0.0
0.7378416657447815 -2.1236121028778143e-05 0.0
0.75 2.0017720089526847e-05 0.0
0.75 3.970304169342853e-05 0.0
0.75 -7.264018222485902e-06 0.0
0.7339058518409729 -7.317080599023029e-05 0.0
0.3919268250465393 3.020295116584748e-05 0.0
0.0 1.725833681121003e-05 0.10904854536056519
0.0 -2.6995763619197533e-05 0.2743787169456482
0.0 -4.3106389057356864e-05 0.2344965934753418
0.13378167152404785 2.3568818505737e-05 0.0
0.41482406854629517 3.919061055057682e-05 0.0
0.75 5.198303938414028e-07 0.0
0.75 1.143942881753901e-05 0.0
0.75 5.2305036660982296e-05 0.0
0.75 -7.637713861186057e-05 0.0
0.5289896130561829 3.263445250922814e-06 0.0
0.0637248083949089 2.9003746021771803e-05 0.0
0.0 -2.3379716367344372e-05 0.1895739883184433
0.0 -5.916853478993289e-05 0.2550894618034363
0.06824538111686707 1.7127982573583722e-05 0.0
0.33139386773109436 4.16109396610409e-05 0.0
0.7358763813972473 1.7382678834110266e-06 0.0
0.75 1.0497187759028748e-05 0.0
0.75 4.205883669783361e-05 0.0
0.75 -5.694576975656673e-05 0.0
0.6527915596961975 2.540882815083023e-05 0.0
0.19772127270698547 -7.409897989418823e-06 0.0
0.0 -2.5919285690179095e-05 0.11980254203081131
0.0 -4.486223406274803e-05 0.2845759987831116
0.0 2.997971751028672e-05 0.027894938364624977
0.21929104626178741 3.081882096012123e-05 0.0
0.6384844183921814 -4.573470141622238e-05 0.0
0.75 2.2816528144176118e-05 0.0
0.75 2.2691157937515527e-05 0.0
0.75 3.333101631142199e-05 0.0
0.75 -2.9051230740151368e-05 0.0
0.40727755427360535 -5.481956577568781e-06 0.0
0.04417860507965088 -2.168489845644217e-05 0.0
0.0 -4.2391609895275906e-05 0.28256237506866455
0.0 3.114310675300658e-05 0.1714773029088974
0.03757592663168907 2.0997549654566683e-05 0.0
0.44233238697052 -3.43448446074035e-05 0.0
0.7452877759933472 2.4190012481994927e-05 0.0
0.75 2.2974547391640954e-05 0.0
0.75 2.223010960733518e-05 0.0
0.75 3.6527839256450534e-05 0.0
0.7356675863265991 -4.0241211536340415e-05 0.0
0.3923652470111847 -1.6599695300101303e-05 0.0
0.0 -1.396961397404084e-05 0.11066707968711853
0.0 -2.87523271254031e-05 0.27721986174583435
0.0 2.201931602030527e-05 0.23741182684898376
0.13134732842445374 1.0280828973918688e-05 0.0
0.41286733746528625 2.9267202990013175e-06 0.0
0.75 7.729080607532524e-06 0.0
0.75 2.4039905838435516e-05 0.0
0.75 3.838324482785538e-05 0.0
0.75 -4.183062628726475e-05 0.0
0.5340372920036316 -6.38497294858098e-06 0.0
0.06922651082277298 -1.717954182822723e-05 0.0
0.0 -3.1340838177129626e-05 0.1864810585975647
0.0 2.289804797328543e-05 0.255330353975296
0.06556601822376251 -1.283468009205535e-05 0.0
0.3276699185371399 3.3127566894108895e-06 0.0
0.7324725985527039 3.4519529435783625e-05 0.0
0.75 1.3050552297499962e-05 0.0
0.75 2.3576372768729925e-05 0.0
0.75 -3.0870738555677235e-05 0.0
0.6583088636398315 -1.5965857528499328e-05 0.0
0.2031906098127365 3.363268115208484e-05 0.0
0.0 -1.9218121451558545e-05 0.11768316477537155
0.0 -3.769078102777712e-05 0.2876650094985962
0.0 1.0418161764391698e-05 0.03409285470843315
0.21276357769966125 6.6710122155200224e-06 0.0
0.6312574744224548 3.5322118492331356e-05 0.0
0.75 -8.40999655338237e-06 0.0
0.75 1.0848129022633657e-05 0.0
0.75 4.343688124208711e-05 0.0
0.75 -6.72305395710282e-05 0.0
0.4150499701499939 6.178347575769294e-06 0.0
0.053510572761297226 1.8198928955825977e-05 0.0
0.0 -3.397130058147013e-05 0.27588748931884766
0.0 -4.180047471891157e-05 0.16896924376487732
0.03562203794717789 3.4038632293231785e-05 0.0
0.4381852149963379 4.1748637158889323e-05 0.0
0.7407928705215454 -4.463442019186914e-05 0.0
0.75 7.434338385792216e-06 0.0
0.75 4.3330637709004804e-05 0.0
0.75 -3.09058596030809e-05 0.0
0.7346506118774414 1.2489251275837887e-05 0.0
0.39186960458755493 1.2078509826096706e-05 0.0
0.0 -1.6445605069748126e-05 0.10984186828136444
0.0 -0.000253440928645432 0.276542603969574
0.0 -5.875341594219208e-05 0.236111581325531
0.1327161341905594 1.1934531357837841e-05 0.0
0.4141404330730438 -6.92394587531453e-06 0.0
0.75 -4.539417932392098e-05 0.0
0.75 -5.561138459597714e-05 0.0
0.75 -8.478489326080307e-05 0.0
0.75 -9.116680303122848e-05 0.0
0.5317369103431702 -9.703903924673796e-05 0.0
0.06661546975374222 -5.324263474904001e-05 0.0
0.0 -2.093147486448288e-05 0.1881023347377777
0.0 -4.909420385956764e-05 0.2554929256439209
0.0666491687297821 -1.1884962987096515e-05 0.0
0.3292894661426544 2.570230390119832e-05 0.0
0.734028697013855 1.5387371604447253e-05 0.0
0.75 -1.4745764929102734e-06 0.0
0.75 2.4173390556825325e-05 0.0
0.75 -2.2448004528996535e-05 0.0
0.6560451984405518 2.4331349777639844e-05 0.0
0.20091044902801514 -3.913376713171601e-05 0.0
0.0 -4.95341228088364e-05 0.11858107894659042
0.0 4.3375919631216675e-05 0.2863723337650299
0.0 -9.145786862063687e-06 0.03146110475063324
0.21553218364715576 -1.0027168173110113e-05 0.0
0.6343629956245422 4.0080860344460234e-05 0.0
0.75 -4.174453806626843e-06 0.0
0.75 3.0253502700361423e-05 0.0
0.75 1.6076462998171337e-05 0.0
0.75 1.8009526684181765e-05 0.0
0.41157424449920654 -4.63831311208196e-05 0.0
0.04940904304385185 -7.326655031647533e-05 0.0
0.0 2.7764968763221987e-05 0.2787528932094574
0.0 8.10912206361536e-06 0.16999010741710663
0.036539677530527115 -4.1585255530662835e-05 0.0
0.44007179141044617 1.8783607629302423e-06 0.0
0.7428122758865356 2.435033457004465e-05 0.0
0.75 3.318705421406776e-05 0.0
0.75 -2.30484929488739e-05 0.0
0.75 3.590928827179596e-05 0.0
0.7349823117256165 -2.534334498704993e-06 0.0
0.3921090066432953 -6.408732588170096e-05 0.0
0.0 1.1600959624047391e-05 0.11021044105291367
0.0 -1.5489473298657686e-05 0.2761635184288025
0.0 -2.7061310902354307e-05 0.23629505932331085
0.13232825696468353 2.032353586400859e-05 0.0
0.4136538803577423 3.56188538717106e-05 0.0
0.75 1.0144351563212695e-06 0.0
0.75 1.054524091159692e-05 0.0
0.75 5.03847622894682e-05 0.0
0.75 -8.408928260905668e-05 0.0
0.5320465564727783 1.3251534255687147e-05 0.0
0.06707804650068283 4.009283293271437e-05 0.0
0.0 -3.48672729160171e-05 0.18770502507686615
0.0 -4.201794945402071e-05 0.25527286529541016
0.06659199297428131 1.1085251571785193e-05 0.0
0.329068124294281 4.0537062886869535e-05 0.0
0.7337973713874817 -3.012690103787463e-05 0.0
0.75 3.3365311537636444e-05 0.0
0.75 4.460159470909275e-05 0.0
0.75 -6.761593249393627e-05 0.0
0.6561942100524902 1.245818111783592e-05 0.0
0.2010965496301651 2.7044719900004566e-05 0.0
0.0 -2.399468758085277e-05 0.11846804618835449
0.0 -4.058710692333989e-05 0.28643855452537537
0.0 -1.0322670277673751e-05 0.03162341192364693
0.21543879806995392 4.104129038751125e-05 0.0
0.6341837048530579 5.624248842650559e-06 0.0
0.75 1.0773234862426762e-05 0.0
0.75 2.7970716473646462e-05 0.0
0.75 -3.3325104595860466e-05 0.0
0.75 3.620399729697965e-05 0.0
0.41181713342666626 -2.1156389266252518e-05 0.0
0.049624692648649216 -2.7442671125754714e-05 0.0
0.0 -4.284871101845056e-05 0.27868807315826416
0.0 3.168655894114636e-05 0.17002426087856293
0.03647802397608757 -7.438890179400914e-07 0.0
0.43997934460639954 5.213605618337169e-07 0.0
0.7427099347114563 3.802194260060787e-05 0.0
0.75 2.958281220344361e-05 0.0
0.75 -5.908125967835076e-05 0.0
0.75 2.290155134687666e-05 0.0
0.7349268794059753 4.678096229326911e-05 0.0
0.39209744334220886 -3.853374801110476e-05 0.0
0.0 -6.538879097206518e-05 0.11016026139259338
0.0 2.4480827050865628e-05 0.27612659335136414
0.0 5.294846232573036e-06 0.23621335625648499
0.13244131207466125 -4.210249608149752e-05 0.0
0.4136850833892822 3.753697092179209e-05 0.0
0.75 2.4963932446553372e-05 0.0
0.75 2.0096391381230205e-05 0.0
0.75 2.3447759303962812e-05 0.0
0.75 -4.108843131689355e-05 0.0
0.5318572521209717 7.1921158451004885e-06 0.0
0.06685377657413483 -1.690977114776615e-05 0.0
0.0 -3.166263923048973e-05 0.1878230720758438
0.0 1.1181388799741399e-05 0.25528478622436523
0.06671039015054703 3.4628330467967317e-05 0.0
0.3292589783668518 -3.2261403248412535e-05 0.0
0.7339133024215698 -1.2689205505012069e-05 0.0
0.75 2.4918905182857998e-05 0.0
0.75 3.743312117876485e-05 0.0
0.75 -9.279542609874625e-06 0.0
0.6558390855789185 -4.60630762972869e-05 0.0
0.20077575743198395 2.7254875021753833e-05 0.0
0.0 -6.169776497699786e-06 0.11856567114591599
0.0 -2.579887950560078e-05 0.2861957252025604
0.0 8.024298949749209e-06 0.03123575821518898
0.2157580703496933 3.3119871659437194e-05 0.0
0.6346446871757507 -3.439997090026736e-05 0.0
0.75 2.124596903740894e-05 0.0
0.75 4.085787440999411e-05 0.0
0.75 3.9059004848240875e-06 0.0
0.75 -4.656702003558166e-05 0.0
0.41161561012268066 -6.795173248974606e-05 0.0
0.04935763031244278 1.9780303773586638e-05 0.0
0.0 -1.4049657693249173e-05 0.278939425945282
0.0 -3.451355223660357e-05 0.1701395958662033
0.03645821288228035 1.1389732208044734e-05 0.0
0.439999520778656 3.469035800662823e-05 0.0
0.7427874803543091 2.0433837562450208e-05 0.0
0.75 3.1792616937309504e-05 0.0
0.75 -1.0487084182386752e-05 0.0
0.75 1.6313613741658628e-05 0.0
0.7351882457733154 -3.066633144044317e-05 0.0
0.3922950029373169 9.409514859726187e-06 0.0
0.0 -3.061256211367436e-05 0.11010294407606125
0.0 -3.729014497366734e-05 0.27633050084114075
0.0 2.474134998919908e-05 0.23653794825077057
0.1320778727531433 1.0705484783102293e-05 0.0
0.4134064316749573 1.8693375523071154e-06 0.0
0.75 2.4010290871956386e-05 0.0
0.75 4.060771971126087e-05 0.0
0.75 -6.687895802315325e-05 0.0
0.75 2.4120496163959615e-05 0.0
0.5325067639350891 2.7058893465436995e-05 0.0
0.06759078055620193 -3.7387006159406155e-05 0.0
0.0 -4.1140585381072015e-05 0.18741057813167572
0.0 2.544876406318508e-05 0.255252480506897
0.06634092330932617 1.1798301784438081e-05 0.0
0.3287757635116577 -4.1666651668492705e-05 0.0
0.7335084676742554 3.5390130506129935e-05 0.0
0.75 3.045000266865827e-05 0.0
0.75 9.522023901809007e-06 0.0
0.75 -8.60492218635045e-06 0.0
0.6566559672355652 1.7728460079524666e-05 0.0
0.2015720009803772 -3.506170105538331e-05 0.0
0.0 -3.90993918699678e-05 0.11829479038715363
0.0 2.567903902672697e-05 0.28672611713409424
0.0 -8.442006219411269e-06 0.03213846683502197
0.21486473083496094 3.659152525870013e-06 0.0
0.6335678100585938 3.992205165559426e-05 0.0
0.75 -9.111860890698154e-06 0.0
0.75 -1.0167827895202208e-05 0.0
0.75 3.732651748578064e-05 0.0
0.75 9.159089131571818e-06 0.0
0.4125049114227295 -4.0914172132033855e-05 0.0
0.05044806748628616 -2.9288452424225397e-05 0.0
0.0 3.615720197558403e-05 0.2780994474887848
0.0 -2.9399627237580717e-05 0.1698082536458969
0.03622473403811455 -6.985610070842085e-06 0.0
0.43953073024749756 4.35907204519026e-05 0.0
0.7423162460327148 -2.470311119395774e-05 0.0
0.75 1.7730222680256702e-05 0.0
0.75 3.718213702086359e-05 0.0
0.75 -6.962889528949745e-06 0.0
0.7351336479187012 -4.358060687081888e-05 0.0
0.3923339545726776 2.334003511350602e-06 0.0
0.0 4.551352049020352e-06 0.11001091450452805
0.0 -3.371953425812535e-05 0.27617380023002625
0.0 -3.367783847352257e-06 0.23639054596424103
0.13212712109088898 4.6004326577531174e-05 0.0
0.4134018123149872 -4.344985063653439e-05 0.0
0.75 6.356952781061409e-06 0.0
0.75 3.763166751014069e-05 0.0
0.75 3.889732761308551e-05 0.0
0.75 -4.6123946958687156e-05 0.0
0.5324142575263977 -1.649376645218581e-05 0.0
0.06749443709850311 4.6499095333274454e-05 0.0
0.0 -3.0454739317065105e-05 0.18742530047893524
0.0 -4.031188291264698e-05 0.25516432523727417
0.06640876084566116 2.3739794414723292e-05 0.0
0.32887810468673706 1.6102299923659302e-05 0.0
0.7335765957832336 1.8940469317385578e-06 0.0
0.75 2.39214477915084e-05 0.0
0.75 4.059000639244914e-05 0.0
0.75 -4.386136424727738e-05 0.0
0.6564290523529053 -4.0600283682579175e-05 0.0
0.201372429728508 3.596066380850971e-05 0.0
0.0 -6.192557520989794e-06 0.11830238252878189
0.0 -3.989910692325793e-05 0.28650686144828796
0.0 -1.3717108231503516e-05 0.03193233907222748
0.215060755610466 2.8809727155021392e-05 0.0
0.6337984800338745 3.780185215873644e-05 0.0
0.75 -4.550826270133257e-05 0.0
0.75 3.335195651743561e-05 0.0
0.75 3.3339154470013455e-05 0.0
0.75 -4.631872070604004e-05 0.0
0.41233888268470764 5.31184878127533e-06 0.0
0.050246983766555786 4.460855507204542e-06 0.0
0.0 -3.605876918300055e-05 0.2782396972179413
0.0 -4.387496301205829e-05 0.1699388027191162
0.03624136000871658 3.992972779087722e-05 0.0
0.4395948350429535 4.200234616291709e-05 0.0
0.7423765659332275 -4.6778121031820774e-05 0.0
0.75 1.964218245120719e-05 0.0
0.75 2.0044206394231878e-05 0.0
0.75 3.383834700798616e-05 0.0
0.7352402806282043 -2.8696984372800216e-05 0.0
0.3924069404602051 -1.7475364074925892e-05 0.0
0.0 -3.4484266507206485e-05 0.10998894274234772
0.0 2.3923374101286754e-05 0.2763509452342987
0.0 -9.732175385579467e-06 0.2365822046995163
0.13201060891151428 -3.002335870405659e-05 0.0
0.4133126437664032 3.847994594252668e-05 0.0
0.75 3.1357914849650115e-05 0.0
0.75 7.586890546917857e-07 0.0
0.75 2.1587300579994917e-05 0.0
0.75 -4.244594947522273e-06 0.0
0.5326959490776062 -3.9246184314833954e-05 0.0
0.06778380274772644 3.792468851315789e-05 0.0
0.0 -5.91809548495803e-05 0.1872655302286148
0.0 -4.166057351540076e-06 0.25523075461387634
0.06623903661966324 3.588930849218741e-05 0.0
0.3286496698856354 -5.152134690433741e-06 0.0
0.7333856225013733 -1.2389327253004012e-07 0.0
0.75 1.787228393368423e-05 0.0
0.75 2.5494930014247075e-05 0.0
0.75 -6.65960715195979e-06 0.0
0.6568627953529358 -4.218858521198854e-05 0.0
0.20176872611045837 2.4775810743449256e-05 0.0
0.0 -1.5720201190561056e-05 0.11823242157697678
0.0 -3.5810146073345095e-05 0.28683578968048096
0.0 2.0013567336718552e-05 0.0324578694999218
0.21453094482421875 3.298647789051756e-05 0.0
0.6332505941390991 -4.569739758153446e-05 0.0
0.75 1.9696683011716232e-05 0.0
0.75 4.0224011172540486e-05 0.0
0.75 1.4496133189823013e-05 0.0
0.75 -4.573018304654397e-05 0.0
0.41297098994255066 1.0403849955764599e-05 0.0
0.0510319359600544 1.5214165614452213e-05 0.0
0.0 -3.370421472936869e-05 0.2777342200279236
0.0 -2.697267336770892e-05 0.16966821253299713
0.036149051040410995 4.709564018412493e-05 0.0
0.4393109083175659 -7.41358962841332e-06 0.0
0.7420003414154053 1.0263207514071837e-05 0.0
0.75 3.643698801170103e-05 0.0
0.75 4.132042249693768e-06 0.0
0.75 -4.538814027910121e-05 0.0
0.7348921895027161 1.9830466044368222e-05 0.0
0.39217278361320496 1.4439074220717885e-05 0.0
0.0 -3.51604467141442e-05 0.10999099165201187
0.0 -3.7012476241216063e-05 0.2759784758090973
0.0 3.752977863769047e-05 0.23608095943927765
0.13245168328285217 -4.4397293095244095e-05 0.0
0.4136938750743866 3.2766405638540164e-05 0.0
0.75 2.9297603759914637e-05 0.0
0.75 3.6356865166453645e-05 0.0
0.75 -3.506532448227517e-05 0.0
0.75 3.6185172120895004e-06 0.0
0.5317957997322083 3.4323838917771354e-05 0.0
0.06678134948015213 -3.346109588164836e-05 0.0
0.0 -2.641301034600474e-05 0.1878340095281601
0.0 -3.0036984753678553e-05 0.2552238404750824
0.06673716008663177 4.0403429011348635e-05 0.0
0.3293270468711853 -1.428636005584849e-05 0.0
0.7339780926704407 2.058944482996594e-05 0.0
0.75 2.6683184842113405e-05 0.0
0.75 2.9306420401553623e-06 0.0
0.75 -4.294631435186602e-05 0.0
0.655735969543457 3.942931289202534e-05 0.0
0.20069289207458496 2.212168965343153e-06 0.0
0.0 -3.9948539779288694e-05 0.1186278909444809
0.0 -4.54325090686325e-05 0.2861204743385315
0.0 4.1906085243681446e-05 0.03105366788804531
0.21597471833229065 9.926468919729814e-06 0.0
0.6348411440849304 -3.585814920370467e-05 0.0
0.75 3.653087333077565e-05 0.0
0.75 9.482203495281283e-06 0.0
0.75 3.242537786718458e-05 0.0
0.75 -2.7941456210101023e-05 0.0
0.4112241566181183 -4.870792054134654e-06 0.0
0.04893069714307785 -9.983698873838875e-06 0.0
0.0 -4.4696109398500994e-05 0.2792091369628906
0.0 1.974538099602796e-05 0.17024514079093933
0.036530639976263046 4.342003012425266e-05 0.0
0.44024714827537537 -4.3006915802834556e-05 0.0
0.7430149912834167 1.1415027074690443e-05 0.0
0.75 1.405812508892268e-05 0.0
0.75 2.3264827177627012e-05 0.0
0.75 3.685122283059172e-05 0.0
0.7353371977806091 -4.171623004367575e-05 0.0
0.3924179673194885 -5.5547739066241775e-06 0.0
0.0 -1.4651981473434716e-05 0.11013728380203247
0.0 -3.0488541597151197e-05 0.27649208903312683
0.0 2.138433774234727e-05 0.23680341243743896
0.13187310099601746 1.0636628758220468e-05 0.0
0.4132143259048462 3.2516047667741077e-06 0.0
0.75 1.784550659067463e-05 0.0
0.75 3.579890471883118e-05 0.0
0.75 -2.97726655844599e-05 0.0
0.75 1.6317490008077584e-05 0.0
0.5329389572143555 1.3971745829621796e-05 0.0
0.06804481893777847 -5.874379348824732e-05 0.0
0.0 -1.1936068403883837e-05 0.18714424967765808
0.0 5.041352778789587e-05 0.2552809417247772
0.06611324101686478 -3.621841096901335e-05 0.0
0.32848966121673584 -1.0715571988839656e-05 0.0
0.7332735061645508 3.7336209061322734e-05 0.0
0.75 2.6431176593177952e-05 0.0
0.75 -2.2478092432720587e-05 0.0
0.75 2.8140926588093862e-05 0.0
0.6571938395500183 -2.6393530788482167e-05 0.0
0.20205169916152954 -3.408550037420355e-05 0.0
0.0 4.687190448748879e-05 0.1181381419301033
0.0 -3.18041566060856e-05 0.2870855927467346
0.0 -4.621731932274997e-05 0.032828398048877716
0.21415667235851288 3.259751247242093e-05 0.0
0.6328205466270447 4.022041321150027e-05 0.0
0.75 -2.2064456061343662e-05 0.0
0.75 3.2588101021246985e-05 0.0
0.75 1.911860454129055e-05 0.0
0.75 -7.532067684223875e-05 0.0
0.4134017825126648 2.8120473871240392e-05 0.0
0.051504794508218765 1.7989817933994345e-05 0.0
0.0 -3.810688212979585e-05 0.2773696780204773
0.0 -1.7649983419687487e-05 0.16954964399337769
0.03602101281285286 2.1625861336360686e-05 0.0
0.43910109996795654 3.9118080167099833e-05 0.0
0.741804301738739 -4.2900275730062276e-05 0.0
0.75 7.694739906582981e-06 0.0
0.75 4.3599080527201295e-05 0.0
0.75 -2.030020550591871e-05 0.0
0.7349855899810791 1.3319991921889596e-05 0.0
0.3922584056854248 -1.1171212463523261e-05 0.0
0.0 -3.656115950434469e-05 0.10991284251213074
0.0 -4.007998722954653e-05 0.27602776885032654
0.0 4.258614717400633e-05 0.23622645437717438
0.1323545277118683 1.1104537406936288e-05 0.0
0.4135727286338806 -1.1026304491679184e-05 0.0
0.75 2.4513668904546648e-05 0.0
0.75 4.1982890252256766e-05 0.0
0.75 -5.540566780837253e-05 0.0
0.75 3.530478716129437e-05 0.0
0.5319634675979614 1.5214719496725593e-05 0.0
0.06702505052089691 -3.9555532566737384e-05 0.0
0.0 -4.697441909229383e-05 0.18771347403526306
0.0 4.468093175091781e-05 0.2551920711994171
0.06665541976690292 1.4364227354235481e-05 0.0
0.32922834157943726 -4.432748391991481e-05 0.0
0.7339071035385132 3.6401248507900164e-05 0.0
0.75 1.0232873137283605e-05 0.0
0.75 2.068031972157769e-05 0.0
0.75 1.476629768148996e-05 0.0
0.6559398770332336 -2.8355610993457958e-05 0.0
0.2008143663406372 -3.852819645544514e-05 0.0
0.0 2.139490970876068e-05 0.1185683086514473
0.0 -6.783860044379253e-06 0.2863054573535919
0.0 -3.8977403164608404e-05 0.031331900507211685
0.21573764085769653 3.96137656935025e-05 0.0
0.6345621943473816 3.328610546304844e-05 0.0
0.75 -4.032624201499857e-05 0.0
0.75 1.8294811525265686e-05 0.0
0.75 4.049784911330789e-05 0.0
0.75 -2.9671526135643944e-05 0.0
0.4115109145641327 -6.9468383117055055e-06 0.0
0.049262769520282745 -2.61129935097415e-05 0.0
0.0 -9.598521501175128e-06 0.2789548933506012
0.0 4.551991878543049e-05 0.17014800012111664
0.03647367283701897 -3.878537245327607e-05 0.0
0.44008776545524597 -7.898513558757259e-07 0.0
0.7428280711174011 1.48685057865805e-05 0.0
0.75 3.468203794909641e-05 0.0
0.75 1.2697369129455183e-05 0.0
0.75 2.101917061736458e-06 0.0
0.7352263927459717 -4.305831316742115e-05 0.0
0.3923197388648987 2.3095179130905308e-05 0.0
0.0 -1.723654531815555e-05 0.11008162051439285
0.0 -3.674892650451511e-05 0.27637454867362976
0.0 1.0200001270277426e-05 0.23659932613372803
0.1320127248764038 3.041746822418645e-05 0.0
0.4133443832397461 -3.835917232208885e-05 0.0
0.75 3.0247028917074203e-05 0.0
0.75 2.7787307772086933e-05 0.0
0.75 1.68286544521834e-06 0.0
0.75 -4.053409065818414e-05 0.0
0.5326889753341675 3.833984737866558e-05 0.0
0.06775609403848648 2.596667400212027e-06 0.0
0.0 -3.844999082502909e-05 0.1873309165239334
0.0 -2.6065836209454574e-05 0.25530320405960083
0.0662146732211113 3.3055323001462966e-05 0.0
0.3286389112472534 -2.5779070256248815e-06 0.0
0.7334160208702087 1.0691169336496387e-05 0.0
0.75 3.7285546568455175e-05 0.0
0.75 4.795212134922622e-06 0.0
0.75 -6.479598232544959e-05 0.0
0.656948983669281 2.6981859264196828e-05 0.0
0.20185835659503937 1.5412268112413585e-05 0.0
0.0 -2.653477895364631e-05 0.1181870698928833
0.0 -4.056980469613336e-05 0.286889910697937
0.0 1.2270706065464765e-05 0.03256024047732353
0.21439048647880554 4.0465685742674395e-05 0.0
0.6331131458282471 -3.0663053621537983e-05 0.0
0.75 3.415817627683282e-05 0.0
0.75 3.23043241223786e-05 0.0
0.75 -8.930403055273928e-06 0.0
0.75 -2.26047050091438e-05 0.0
0.4132150113582611 4.3152333091711625e-05 0.0
0.051276374608278275 -4.47257625637576e-05 0.0
0.0 -3.8341830077115446e-05 0.2774922251701355
0.0 3.850639041047543e-05 0.1696353703737259
0.03601345792412758 -4.3200056097703055e-05 0.0
0.43914809823036194 5.024920392315835e-05 0.0
0.7419230341911316 -1.2242043339938391e-05 0.0
0.75 3.296979411970824e-05 0.0
0.75 4.850195909966715e-05 0.0
0.75 -0.00013051668065600097 0.0
0.7351685762405396 0.00010839892638614401 0.0
0.39241793751716614 -5.3527757700067014e-05 0.0
0.0 -0.0001977801730390638 0.10992103815078735
