0.75 0.05581515654921532 0.0
0.75 0.05595827475190163 0.0
0.75 0.05602983012795448 0.0
0.75 0.05610138922929764 0.0
0.75 0.05617294833064079 0.0
0.75 0.05624450370669365 0.0
0.75 0.056316062808036804 0.0
0.75 0.05638762190937996 0.0
0.75 0.056459181010723114 0.0
0.75 0.05653073638677597 0.0
0.75 0.05653073638677597 0.0
0.75 0.05653073638677597 0.0
0.75 0.05653073638677597 0.0
0.75 0.05580735206604004 0.0
0.75 0.05416061356663704 0.0
0.75 0.05056978389620781 0.0
0.75 0.04815918952226639 0.0
0.75 0.04188021272420883 0.0
0.75 0.04075808450579643 0.0
0.75 0.037376128137111664 0.0
0.75 0.034129150211811066 0.0
0.75 -0.02387091889977455 0.0
0.75 0.0227082297205925 0.0
0.75 0.018217111006379128 0.0
0.75 0.013506201095879078 0.0
0.75 0.01242692768573761 0.0
0.75 0.01098709087818861 0.0
0.75 0.00942093413323164 0.0
0.75 -0.02521759644150734 0.0
0.75 0.005866296589374542 0.0
0.75 0.0044677285477519035 0.0
0.75 0.0012957031140103936 0.0
0.75 0.001067507197149098 0.0
0.75 0.0011747186072170734 0.0
0.75 -0.021339137107133865 0.0
0.75 -0.0007523495587520301 0.0
0.75 0.0006543038180097938 0.0
0.75 -0.0012296359054744244 0.0
0.75 -0.0016530159628018737 0.0
0.75 -0.001137390499934554 0.0
0.75 -0.01683770678937435 0.0
0.75 -0.0005589222419075668 0.0
0.75 -7.765452028252184e-05 0.0
0.75 -0.0013786820927634835 0.0
0.75 -0.0016640732064843178 0.0
0.75 -0.01240619644522667 0.0
0.75 -0.00022702400747220963 0.0
0.75 0.0003861772420350462 0.0
0.75 -0.015900621190667152 0.0
0.75 -0.0033594309352338314 0.0
0.75 0.00024738089996390045 0.0
0.75 -0.0011637945426627994 0.0
0.75 -0.0057646906934678555 0.0
0.75 -0.001293444656766951 0.0
0.75 -0.0004358662699814886 0.0
0.75 -0.004738951567560434 0.0
0.75 -0.0006326091242954135 0.0
0.75 -3.267891770519782e-06 0.0
0.75 -0.0035498107317835093 0.0
0.75 -0.0003276350616943091 0.0
0.75 7.655352237634361e-05 0.0
0.75 -0.00037654043990187347 0.0
0.75 -0.0025910353288054466 0.0
0.75 -9.037415293278173e-05 0.0
0.75 -0.0013577206991612911 0.0
0.75 1.9540462744771503e-05 0.0
0.75 8.806859113974497e-05 0.0
0.75 -0.001413497724570334 0.0
0.75 -5.537415199796669e-05 0.0
0.75 0.00017117930110543966 0.0
0.75 -0.0010450603440403938 0.0
0.75 -2.7147132641403005e-05 0.0
0.75 0.00011753153376048431 0.0
0.75 -0.0008169166976585984 0.0
0.75 1.0824894161487464e-05 0.0
0.75 -0.000472641724627465 0.0
0.75 5.7247711083618924e-05 0.0
0.42203399538993835 8.167518535628915e-05 0.0
0.0 -0.00046373976510949433 0.09046176075935364
0.0 -1.6076362953754142e-05 0.2830486595630646
0.0 -0.0002473668719176203 0.02405359596014023
0.3748459815979004 -9.645249519962817e-06 0.0
0.75 -4.737509152619168e-05 0.0
0.75 -0.0003250360314268619 0.0
0.75 2.022972466875217e-06 0.0
0.75 3.396009196876548e-05 0.0
0.6927706003189087 -0.00027200201293453574 0.0
0.32709676027297974 1.650880767556373e-05 0.0
0.0 7.129773439373821e-05 0.004655368160456419
0.0 -0.00023527652956545353 0.08839379251003265
0.17473049461841583 2.001891743930173e-06 0.0
0.5328773260116577 4.168120722169988e-05 0.0
0.75 -0.000154220950207673 0.0
0.75 -6.519857834064169e-06 0.0
0.75 1.1588350389502011e-05 0.0
0.6849548816680908 -0.00013736708206124604 0.0
0.33887121081352234 -1.0188063015448279e-06 0.0
0.020967617630958557 -6.536969158332795e-05 0.0
0.0 -8.56527822179487e-06 0.049666039645671844
0.19028699398040771 -8.53916717460379e-05 0.0
0.539932131767273 -0.0001631452760193497 0.0
0.75 1.7108301108237356e-05 0.0
0.75 2.106811552948784e-05 0.0
0.75 2.14078481803881e-05 0.0
0.6539735794067383 -0.00012826283636968583 0.0
0.32135894894599915 7.900614036771003e-06 0.0
0.034192103892564774 -3.2149648177437484e-05 0.0
0.0 3.605208985391073e-05 0.01898868754506111
0.2279309183359146 -2.877354563679546e-05 0.0
0.5892328023910522 -2.9575558073702268e-05 0.0
0.75 1.8243013983010314e-05 0.0
0.75 2.9605864256154746e-05 0.0
0.75 -3.7845326005481184e-05 0.0
0.5745495557785034 2.7110647351946682e-05 0.0
0.2370980829000473 -1.7520771507406607e-05 0.0
0.0029788960237056017 1.6678650354151614e-05 0.0
0.020719414576888084 3.154399382765405e-05 0.0
0.27444925904273987 -4.3093226850032806e-05 0.0
0.635687530040741 1.2019041605526581e-05 0.0
0.75 3.5342694900464267e-05 0.0
0.75 -5.553334267460741e-05 0.0
0.75 2.628597940201871e-05 0.0
0.5226579308509827 3.630177889135666e-05 0.0
0.18563422560691833 -3.3962463930947706e-05 0.0
0.0 2.1168667444726452e-05 0.021146731451153755
0.057651977986097336 3.7776513636345044e-05 0.0
0.3550373911857605 -0.00010864500654861331 0.0
0.7266138792037964 1.0181431207456626e-05 0.0
0.75 9.498625104242819e-07 0.0
0.75 2.224139461759478e-05 0.0
0.75 -1.6813253296277253e-06 0.0
0.44718706607818604 -3.0882019927958027e-05 0.0
0.09844657778739929 3.3027903555193916e-05 0.0
0.0 2.8879874662379734e-05 0.06495077162981033
0.10716482251882553 -3.258716606069356e-05 0.0
0.43461868166923523 1.7606715118745342e-05 0.0
0.75 3.620055576902814e-05 0.0
0.75 -4.704856837633997e-05 0.0
0.75 1.694050479272846e-05 0.0
0.7038609981536865 -1.829658322094474e-05 0.0
0.372699111700058 3.13690397888422e-05 0.0
0.05472797900438309 2.9317016014829278e-05 0.0
0.0 -3.690898302011192e-05 0.04917868226766586
0.16023337841033936 2.5771134460228495e-05 0.0
0.48988449573516846 2.4508557544322684e-05 0.0
0.75 -5.152733501745388e-05 0.0
0.75 1.5191092643362936e-05 0.0
0.75 4.5368342398433015e-05 0.0
0.6541308760643005 -4.1095878259511665e-05 0.0
0.32940685749053955 1.8350876416661777e-05 0.0
0.050564128905534744 -2.6279696612618864e-05 0.0
0.0 -4.714775514003122e-06 0.011735846288502216
0.20161207020282745 -2.4980963644338772e-05 0.0
0.5476275086402893 -2.680628494999837e-05 0.0
0.75 3.3841817639768124e-05 0.0
0.75 2.6777883249451406e-05 0.0
0.75 -5.235668140812777e-05 0.0
0.633324921131134 1.9924802472814918e-05 0.0
0.29704877734184265 4.272992009646259e-05 0.0
0.028616121038794518 -4.08843407058157e-05 0.0
0.0 -1.5448971680598333e-05 0.008435212075710297
0.22374318540096283 4.203755815979093e-05 0.0
0.5857110619544983 -3.4069631510647014e-05 0.0
0.75 2.0109378965571523e-05 0.0
0.75 3.60650519724004e-05 0.0
0.75 -5.8699031797004864e-05 0.0
0.6029573678970337 3.1618088542018086e-05 0.0
0.26898428797721863 -1.78123009391129e-05 0.0
0.017672358080744743 2.0460023733903654e-05 0.0
0.006792758591473103 3.5496534110279754e-05 0.0
0.24326899647712708 -4.832824197364971e-05 0.0
0.5939933657646179 1.8330598322791047e-05 0.0
0.75 3.409390774322674e-05 0.0
0.75 -5.0697093683993444e-05 0.0
0.75 2.4878978365450166e-05 0.0
0.6051152348518372 3.877101335092448e-05 0.0
0.27713340520858765 -0.00010050638957181945 0.0
0.02803253009915352 2.2732592697138898e-05 0.0
0.011544260196387768 5.076670277048834e-05 0.0
0.2504999339580536 1.2172208698757458e-05 0.0
0.6004157066345215 1.5581559637212195e-05 0.0
0.75 -5.98630249442067e-05 0.0
0.75 3.124175054836087e-05 0.0
0.75 4.412108683027327e-05 0.0
0.5944980382919312 -9.885748295346275e-05 0.0
0.2661231458187103 3.070544698857702e-05 0.0
0.02194374054670334 5.3115498303668573e-05 0.0
0.015247921459376812 -4.699735654867254e-05 0.0
0.2509528398513794 2.2136564439279027e-05 0.0
0.594529390335083 3.3351949241477996e-05 0.0
0.75 -5.72520075365901e-05 0.0
0.75 2.870090065698605e-05 0.0
0.75 -3.5702418244909495e-05 0.0
0.5839341282844543 2.625932938826736e-05 0.0
0.2581508755683899 3.975342042394914e-05 0.0
0.022219134494662285 -5.8435940445633605e-05 0.0
0.02005549520254135 -1.0723847481131088e-05 0.0
0.2505761384963989 4.0476279536960647e-05 0.0
0.5945257544517517 -4.132991671212949e-05 0.0
0.75 -1.684872586338315e-05 0.0
0.75 3.379956615390256e-05 0.0
0.75 -6.625612149946392e-05 0.0
0.5948663949966431 1.4282329175330233e-05 0.0
0.27299490571022034 4.1339579183841124e-05 0.0
0.032820966094732285 -3.820920392172411e-05 0.0
0.020023323595523834 1.2347527444944717e-05 0.0
0.24789154529571533 3.3187170629389584e-05 0.0
0.5926336050033569 -3.524259227560833e-05 0.0
0.75 1.1058034033339936e-05 0.0
0.75 2.825926276273094e-05 0.0
0.75 -4.673973307944834e-05 0.0
0.5869125723838806 2.1316916900104843e-05 0.0
0.2625843286514282 -1.8680888388189487e-05 0.0
0.023417895659804344 2.2244117644731887e-05 0.0
0.025235772132873535 3.377626126166433e-05 0.0
0.25684142112731934 -4.8021240218076855e-05 0.0
0.602022647857666 1.2098101251467597e-05 0.0
0.75 3.164142617606558e-05 0.0
0.75 -3.480855593807064e-05 0.0
0.75 1.3274106095195748e-05 0.0
0.5611473321914673 3.352601561346091e-05 0.0
0.24206849932670593 -4.5952725486131385e-05 0.0
0.017357008531689644 2.7375137506169267e-05 0.0
0.039204422384500504 4.391482434584759e-05 0.0
0.294903963804245 -7.447434472851455e-05 0.0
0.6414899826049805 1.3355992450669874e-05 0.0
0.75 3.975270010414533e-05 0.0
0.75 -4.030569834867492e-05 0.0
0.75 1.5343563063652255e-05 0.0
0.5302574634552002 -4.659107162297005e-06 0.0
0.20403428375720978 -3.0504832466249354e-05 0.0
0.0 2.768542617559433e-05 0.003026994876563549
0.044081706553697586 -5.8165671362075955e-05 0.0
0.3051004707813263 2.5172063033096492e-05 0.0
0.6506802439689636 3.327626836835407e-05 0.0
0.75 -5.377708293963224e-05 0.0
0.75 1.4128121620160528e-05 0.0
0.75 2.627127651066985e-05 0.0
0.5263195633888245 -3.1177019991446286e-05 0.0
0.21418271958827972 -1.687129588390235e-05 0.0
0.013650467619299889 -9.006842446979135e-06 0.0
0.05073270946741104 -1.8362821720074862e-05 0.0
0.2900925278663635 -1.4061590263736434e-05 0.0
0.6249188780784607 2.5376120902365074e-05 0.0
0.75 -6.289986049523577e-05 0.0
0.75 5.76554248254979e-06 0.0
0.75 -1.1188413736817893e-05 0.0
0.5328550338745117 -4.245233867550269e-05 0.0
0.21132084727287292 1.5437153706443496e-05 0.0
0.007916837930679321 2.5126644686679356e-05 0.0
0.04506079852581024 -4.1630275518400595e-05 0.0
0.2961448132991791 4.294091013434809e-06 0.0
0.6321054697036743 5.258731107460335e-06 0.0
0.75 -6.714761639159406e-06 0.0
0.75 1.9067385437665507e-05 0.0
0.75 2.3762635464663617e-05 0.0
0.5526495575904846 -2.747983489825856e-05 0.0
0.2502048909664154 1.9997029085061513e-05 0.0
0.03743913769721985 -1.993111436604522e-05 0.0
0.048467475920915604 -4.101934246136807e-05 0.0
0.26882341504096985 6.445232884288998e-06 0.0
0.5879719257354736 1.8582433767733164e-05 0.0
0.75 8.43190628074808e-06 0.0
0.75 6.368969025061233e-06 0.0
0.75 -2.8018086595693603e-05 0.0
0.5248727798461914 2.6185594833805226e-05 0.0
0.2096821665763855 9.552743904350791e-06 0.0
0.017718281596899033 -4.188151433481835e-05 0.0
0.060204580426216125 1.0617547559377272e-05 0.0
0.31073737144470215 1.0011553968070075e-05 0.0
0.6210023164749146 1.1013265975634567e-05 0.0
0.75 -1.629357711863122e-06 0.0
0.75 7.5186376307101455e-06 0.0
0.75 -1.6454787328257225e-05 0.0
0.47196605801582336 3.0584007618017495e-05 0.0
0.15898717939853668 -3.023495628440287e-05 0.0
0.0 -1.1236143109272234e-05 0.013091799803078175
0.07921327650547028 -1.7143491277238354e-05 0.0
0.3534184992313385 2.2632610125583597e-05 0.0
0.688261866569519 -8.344929483428132e-06 0.0
0.75 4.274006187188206e-06 0.0
0.75 2.232875704066828e-05 0.0
0.75 1.1034127965103835e-05 0.0
0.47294411063194275 2.8117642614233773e-06 0.0
0.16709302365779877 2.9428445486701094e-05 0.0
0.0 -1.2542609511001501e-05 0.006430627312511206
0.05428122729063034 1.8943122995551676e-05 0.0
0.3003690242767334 2.610244700917974e-05 0.0
0.6275586485862732 -5.7590870710555464e-05 0.0
0.75 1.2337834050413221e-05 0.0
0.75 -8.196734597731847e-06 0.0
0.75 -4.3262614781269804e-05 0.0
0.5239843130111694 9.31447993934853e-06 0.0
0.21575018763542175 2.859114601960755e-06 0.0
0.020442556589841843 -4.135708513786085e-05 0.0
0.05846625566482544 3.481816020212136e-05 0.0
0.29597193002700806 3.0445373340626247e-05 0.0
0.6112375855445862 -1.0106660738529172e-05 0.0
0.75 -1.8078740140481386e-06 0.0
0.75 2.018192026298493e-05 0.0
0.75 -1.9183080439688638e-05 0.0
0.49749529361724854 -2.5936649763025343e-05 0.0
0.19492824375629425 3.085574644501321e-05 0.0
0.0073011103086173534 4.282564077584539e-06 0.0
0.07163770496845245 -2.727038190641906e-05 0.0
0.3207828998565674 2.2707814423483796e-05 0.0
0.6507396101951599 -1.2862605217378587e-05 0.0
0.75 1.932169652718585e-05 0.0
0.75 2.444843266857788e-05 0.0
0.75 -5.332282671588473e-05 0.0
0.4937096834182739 1.5108968909771647e-05 0.0
0.17392808198928833 -2.213722154920106e-06 0.0
0.0 3.097221997450106e-05 0.0021251547150313854
0.057373471558094025 -3.418316919123754e-05 0.0
0.31552156805992126 -4.101410013390705e-05 0.0
0.6380748152732849 2.5031806217157282e-05 0.0
0.75 3.873263267450966e-05 0.0
0.75 -1.3670275620825123e-05 0.0
0.75 1.4247433682612609e-05 0.0
0.5300469398498535 2.3744285499560647e-05 0.0
0.21563531458377838 -1.4783435290155467e-05 0.0
0.018537336960434914 -2.579708962002769e-05 0.0
0.048628613352775574 2.965619569295086e-05 0.0
0.2880665957927704 -6.100794053054415e-06 0.0
0.6237840056419373 1.8289564422957483e-06 0.0
0.75 2.329014205315616e-05 0.0
0.75 -6.059842780814506e-05 0.0
0.75 1.1107698583145975e-06 0.0
0.5411651730537415 1.5219216038531158e-05 0.0
0.2273268848657608 -1.3646365459862864e-06 0.0
0.022306544706225395 -2.2766100300941616e-05 0.0
0.050635240972042084 5.590837190538878e-06 0.0
0.28924039006233215 -3.1620329536963254e-05 0.0
0.6074442267417908 0.0004356726713012904 0.0
0.75 0.0009835876990109682 0.0
0.75 0.000292847806122154 0.0
0.75 -4.970851477992255e-06 0.0
0.5251551866531372 9.295949894294608e-06 0.0
0.21310509741306305 -6.4396049310744274e-06 0.0
0.018676547333598137 7.436960004270077e-05 0.0
0.057925041764974594 7.053517765598372e-05 0.0
0.30816665291786194 -2.6288511435268447e-05 0.0
0.6334690451622009 3.9886956074042246e-05 0.0
0.75 3.5254495742265135e-05 0.0
0.75 -6.099046004237607e-05 0.0
0.75 -1.9068327674176544e-05 0.0
0.5093525052070618 1.6679934560670517e-05 0.0
0.20316708087921143 -5.7290853874292225e-05 0.0
0.01511957123875618 -1.0488538464414887e-05 0.0
0.057974737137556076 4.275797982700169e-05 0.0
0.2977103292942047 -4.294660539017059e-05 0.0
0.6153082847595215 -2.15069576370297e-05 0.0
0.75 -1.2401219464663882e-05 0.0
0.75 1.5769417586852796e-05 0.0
0.75 3.2194806408369914e-05 0.0
0.5116419792175293 -5.692050763173029e-06 0.0
0.20333434641361237 -4.699993951362558e-05 0.0
0.018389668315649033 2.5819241272984073e-05 0.0
0.06836973875761032 -1.2343180060270242e-06 0.0
0.3100627660751343 1.9135248294332996e-05 0.0
0.6340370178222656 7.135811301850481e-06 0.0
0.75 1.4515682778437622e-05 0.0
0.75 -2.1559193555731326e-05 0.0
0.75 2.2876043658470735e-05 0.0
0.5148244500160217 3.324360250189784e-06 0.0
0.21417948603630066 -2.668915840331465e-05 0.0
0.02565697580575943 2.708878309931606e-05 0.0
0.06096343323588371 -4.794628330273554e-05 0.0
0.3030313551425934 4.757325768878218e-06 0.0
0.6247091293334961 1.8507809727452695e-05 0.0
0.75 2.020262400037609e-05 0.0
0.75 -2.955265881610103e-05 0.0
0.75 2.0303607016103342e-05 0.0
0.5148365497589111 -6.155867140478222e-06 0.0
0.2092037945985794 -3.141615161439404e-05 0.0
0.016357189044356346 1.6496433090651408e-05 0.0
0.061693668365478516 -3.167357499478385e-05 0.0
0.30479782819747925 1.6388657968491316e-05 0.0
0.642375111579895 9.928212421073113e-06 0.0
0.75 1.6843475805217167e-06 0.0
0.75 1.7839434804045595e-05 0.0
0.75 1.97479148482671e-05 0.0
0.5224970579147339 -5.004549529985525e-05 0.0
0.21507976949214935 5.7001873443596196e-08 0.0
0.022221863269805908 4.380354221211746e-05 0.0
0.05351855978369713 -1.933498788275756e-05 0.0
0.2890312373638153 -2.9340966648305766e-05 0.0
0.5983622074127197 2.2972702936385758e-05 0.0
0.75 -1.270207212655805e-05 0.0
0.75 1.638161666051019e-05 0.0
0.75 2.515712367312517e-05 0.0
0.5123070478439331 -1.5824218280613422e-05 0.0
0.21704386174678802 1.7960377590497956e-05 0.0
0.027360938489437103 -2.1277439373079687e-05 0.0
0.07078620046377182 -7.068530976539478e-06 0.0
0.3039439022541046 2.8503238354460336e-05 0.0
0.6195164918899536 3.9348906284430996e-06 0.0
0.75 -5.4222917242441326e-05 0.0
0.75 2.4105465854518116e-05 0.0
0.75 4.245730087859556e-05 0.0
0.490599125623703 -6.634105375269428e-05 0.0
0.18820610642433167 4.073145646543708e-06 0.0
0.01143838930875063 -1.3210537872510031e-05 0.0
0.07327917218208313 8.446665560768452e-06 0.0
0.319089412689209 2.452849003020674e-05 0.0
0.6314855813980103 2.0149676856817678e-05 0.0
0.75 -1.947094642673619e-05 0.0
0.75 1.3509469681594055e-05 0.0
0.75 2.6573177819955163e-05 0.0
0.49738961458206177 -1.5511470337514766e-05 0.0
0.19083085656166077 -2.461349322402384e-05 0.0
0.012173008173704147 3.2662152079865336e-05 0.0
0.06825530529022217 -4.052195436088368e-05 0.0
0.31100037693977356 1.3399539966485463e-05 0.0
0.6216445565223694 2.898151615227107e-05 0.0
0.75 -5.1803537644445896e-05 0.0
0.75 3.960392405133462e-06 0.0
0.75 3.415803803363815e-05 0.0
0.4767361283302307 -8.987478395283688e-06 0.0
0.1729932278394699 -3.850610664812848e-05 0.0
0.002493534702807665 2.0892806787742302e-05 0.0
0.06715860217809677 3.189451490470674e-06 0.0
0.3300178349018097 9.872947885014582e-06 0.0
0.6523087024688721 2.1951400412945077e-05 0.0
0.75 -1.765195520420093e-05 0.0
0.75 1.2098881597921718e-05 0.0
0.75 2.4769429728621617e-05 0.0
0.5197427272796631 -4.6688543079653755e-05 0.0
0.21949999034404755 3.125749572063796e-05 0.0
0.02554837055504322 -8.21344383439282e-06 0.0
0.05287747457623482 -1.095786410587607e-05 0.0
0.28830841183662415 1.5815072401892394e-05 0.0
0.6045913100242615 -3.377004759386182e-05 0.0
0.75 -6.496016794699244e-06 0.0
0.75 2.8905371436849236e-05 0.0
0.75 1.792913826648146e-05 0.0
0.5355755686759949 -2.064776481347508e-06 0.0
0.23479768633842468 -3.516785000101663e-05 0.0
0.03690480813384056 -2.1191233827266842e-05 0.0
0.06426529586315155 6.522958756249864e-06 0.0
0.29408690333366394 -1.7249343727598898e-05 0.0
0.6019995212554932 2.5904753783834167e-05 0.0
0.75 -1.9992510260635754e-06 0.0
0.75 2.7418889203545405e-06 0.0
0.75 2.0457411665120162e-05 0.0
0.5003473162651062 -2.408852878943435e-06 0.0
0.1988566815853119 -2.7468466214486398e-05 0.0
0.02142472006380558 5.6787266657920554e-06 0.0
0.07350949198007584 2.0422037778189406e-05 0.0
0.3054080605506897 2.0672016034950502e-05 0.0
0.601914644241333 1.618338137632236e-05 0.0
0.75 -2.0250041416147724e-05 0.0
0.75 2.8361389922793023e-05 0.0
0.748879611492157 -3.101063703070395e-05 0.0
0.48088517785072327 -5.0555503548821434e-05 0.0
0.17876681685447693 3.7464835713763023e-06 0.0
0.010884086601436138 2.9119129976606928e-05 0.0
0.07292767614126205 2.5444123821216635e-05 0.0
0.3322497308254242 6.762928023817949e-06 0.0
0.6465922594070435 -1.0342126188334078e-05 0.0
0.75 -8.879262168193236e-06 0.0
0.75 2.942797618743498e-05 0.0
0.75 2.3784568838891573e-05 0.0
0.5179352164268494 -6.859400309622288e-05 0.0
0.22645756602287292 1.9855080608977005e-05 0.0
0.027315080165863037 -4.657352292269934e-06 0.0
0.05962153896689415 -2.2632428226643242e-05 0.0
0.29009172320365906 -2.2080166672822088e-05 0.0
0.6019749045372009 1.3294561540533323e-05 0.0
0.75 -2.9482827812898904e-05 0.0
0.75 2.022982334892731e-05 0.0
0.75 2.3384156520478427e-05 0.0
0.5097097754478455 -3.784146247198805e-05 0.0
0.20879971981048584 2.9982424166519195e-05 0.0
0.0273795984685421 6.770299478375819e-06 0.0
0.061017561703920364 1.9455952497082762e-05 0.0
0.2862885892391205 2.0230394511600025e-05 0.0
0.5888186097145081 1.8640606867847964e-05 0.0
0.75 -6.166842649690807e-05 0.0
0.75 1.0074716556118801e-05 0.0
0.75 3.456296326476149e-05 0.0
0.5051290988922119 -4.010217890026979e-05 0.0
0.20672017335891724 -1.288611201744061e-06 0.0
0.024784689769148827 -4.695996540249325e-05 0.0
0.06887172907590866 3.4822973248083144e-05 0.0
0.28806257247924805 2.5989955247496255e-05 0.0
0.5848993062973022 1.6974430764093995e-05 0.0
0.75 -1.4694322089781053e-05 0.0
0.75 1.4871454368403647e-05 0.0
0.75 3.1628347642254084e-05 0.0
0.5345300436019897 -1.0351826858823188e-05 0.0
0.2527708113193512 1.8078319044434465e-05 0.0
0.05708429962396622 -2.224713534815237e-05 0.0
0.06857756525278091 -5.22464542882517e-05 0.0
0.2678021490573883 3.100593312410638e-05 0.0
0.5515901446342468 3.485237175482325e-05 0.0
0.75 -5.693143612006679e-05 0.0
0.75 1.5487981727346778e-05 0.0
0.748156726360321 2.478473834344186e-05 0.0
0.4963347911834717 -2.724566547840368e-05 0.0
0.20734800398349762 -1.057188001141185e-05 0.0
0.03400901332497597 -1.7790232959669083e-05 0.0
0.08298816531896591 1.0597792424960062e-05 0.0
0.3115377128124237 2.77455328614451e-05 0.0
0.6049833297729492 2.073972427751869e-05 0.0
0.75 -2.078502075164579e-05 0.0
0.75 1.8431815078656655e-06 0.0
0.7451367378234863 1.814621100493241e-05 0.0
0.48372694849967957 -4.1609760955907404e-05 0.0
0.1933717280626297 3.3674132282612845e-05 0.0
0.025905949994921684 -7.77756667957874e-07 0.0
0.08168720453977585 -5.022701225243509e-05 0.0
0.3172684907913208 1.7306858353549615e-05 0.0
0.6127443313598633 2.964776285807602e-05 0.0
0.75 -1.2117912774556316e-05 0.0
0.75 1.6957321349764243e-05 0.0
0.7361389994621277 2.4943881726358086e-05 0.0
0.4719506502151489 -3.3237829484278336e-05 0.0
0.18971021473407745 1.9269962649559602e-05 0.0
0.02773290127515793 -1.990649070648942e-05 0.0
0.0905265137553215 -4.490340143092908e-05 0.0
0.32363152503967285 2.7418478566687554e-05 0.0
0.615388810634613 3.023332465090789e-05 0.0
0.75 -7.223555257951375e-06 0.0
0.75 1.2095788406440988e-05 0.0
0.7354297041893005 2.9110109608154744e-05 0.0
0.48028650879859924 -2.0894220142508857e-05 0.0
0.19093719124794006 -2.4567607397329994e-05 0.0
0.031047476455569267 3.0621999030699953e-05 0.0
0.08691609650850296 -4.626634472515434e-05 0.0
0.3161076605319977 1.433552461094223e-05 0.0
0.6060131788253784 2.9453483875840902e-05 0.0
0.75 -1.343792064290028e-05 0.0
0.75 1.4257978364184964e-05 0.0
0.7491118311882019 2.273261998197995e-05 0.0
0.48923420906066895 -6.454424874391407e-05 0.0
0.20077797770500183 2.302937355125323e-05 0.0
0.0290354173630476 1.2720165614155121e-05 0.0
0.07205986231565475 -6.387430403265171e-06 0.0
0.29611918330192566 -2.6932817490887828e-05 0.0
0.5945295691490173 1.698366213531699e-05 0.0
0.75 -5.2081833956663104e-08 0.0
0.75 -3.4777840483002365e-06 0.0
0.75 3.2250318326987326e-05 0.0
0.4920881688594818 -5.993386002955958e-05 0.0
0.20579881966114044 2.5312428988399915e-05 0.0
0.030082756653428078 3.421884321141988e-05 0.0
0.06931857019662857 -1.5845684174564667e-05 0.0
0.2967192232608795 -2.8979184207855724e-05 0.0
0.5925375819206238 2.372203925915528e-05 0.0
0.75 -2.1112300601089373e-06 0.0
0.75 1.8255668692290783e-05 0.0
0.75 3.196758552803658e-05 0.0
0.5165151953697205 -1.802009137463756e-05 0.0
0.2320106476545334 1.8745346096693538e-05 0.0
0.04735029488801956 -5.366854111343855e-06 0.0
0.06516654789447784 -3.568224565242417e-05 0.0
0.2740428149700165 -1.7795266103348695e-05 0.0
0.5718952417373657 -1.3970367035653908e-05 0.0
0.75 2.9134718715795316e-05 0.0
0.75 -4.444404567038873e-06 0.0
0.75 1.4352708603837527e-05 0.0
0.5481773614883423 1.9412163965171203e-05 0.0
0.2658211588859558 -5.9400499594630674e-05 0.0
0.0663459450006485 -2.266900264658034e-05 0.0
0.06315098702907562 2.958640288852621e-05 0.0
0.24895180761814117 3.2980472042254405e-07 0.0
0.5253180861473083 1.7870761439553462e-05 0.0
0.75 -2.9863485906389542e-05 0.0
0.75 -9.968774975277483e-06 0.0
0.75 3.020125768671278e-05 0.0
0.5118101835250854 -3.180633211741224e-05 0.0
0.23708419501781464 4.4025400711689144e-06 0.0
0.0558432973921299 2.834756378433667e-05 0.0
0.07784581929445267 2.345205757592339e-05 0.0
0.28790998458862305 -5.5386655731126666e-05 0.0
0.5638938546180725 1.3016535376664251e-05 0.0
0.75 2.5211773390765302e-05 0.0
0.75 -1.3422866686596535e-05 0.0
0.7357011437416077 2.4846047381288372e-05 0.0
0.5031489133834839 2.000524000322912e-05 0.0
0.23474512994289398 -1.4179181562212761e-05 0.0
0.0645037591457367 2.0979185137548484e-05 0.0
0.09096834808588028 -2.2991098376223817e-05 0.0
0.2925978899002075 -5.3665044106310233e-05 0.0
0.5620858669281006 2.6010879082605243e-05 0.0
0.75 3.382844079169445e-05 0.0
0.75 -1.2397563295962755e-05 0.0
0.7078831791877747 -2.821277485054452e-05 0.0
0.47258007526397705 2.1217640096438117e-05 0.0
0.21987850964069366 -2.226967581009376e-06 0.0
0.07062555849552155 -2.7634074285742827e-05 0.0
0.1168648824095726 2.6753175916383043e-05 0.0
0.31608331203460693 -6.390318958438002e-07 0.0
0.5684201121330261 1.4360249224409927e-05 0.0
0.75 -3.003663368872367e-05 0.0
0.75 -9.372079148306511e-06 0.0
0.6811196804046631 2.202100949943997e-05 0.0
0.4399646520614624 1.172629799839342e-05 0.0
0.19676440954208374 -4.402868580655195e-05 0.0
0.08010905236005783 1.98446650756523e-05 0.0
0.14963005483150482 3.714398917509243e-05 0.0
0.36084988713264465 -6.125416985014454e-05 0.0
0.6138353943824768 1.98794191419438e-06 0.0
0.75 2.7590464014792815e-05 0.0
0.75 1.9309201888972893e-05 0.0
0.6202689409255981 -5.6096505431924015e-05 0.0
0.38280773162841797 1.4225778613763396e-05 0.0
0.16303624212741852 -1.6755826436565258e-05 0.0
0.09521060436964035 7.593437658215407e-06 0.0
0.21218395233154297 3.536051735864021e-05 0.0
0.4418296217918396 -3.997756721219048e-05 0.0
0.6696903109550476 7.235279099404579e-06 0.0
0.75 3.532454138621688e-05 0.0
0.7067253589630127 1.0068285519082565e-05 0.0
0.45454540848731995 -5.899511052120943e-06 0.0
0.1936628818511963 1.3250508345663548e-05 0.0
0.06763463467359543 -1.8434029698255472e-05 0.0
0.16064390540122986 1.7308726455667056e-05 0.0
0.4039040505886078 1.753166361595504e-05 0.0
0.6658890843391418 -6.939600280020386e-05 0.0
0.75 2.7222964490647428e-05 0.0
0.75 2.894313365686685e-05 0.0
0.5926135778427124 -1.261095985682914e-05 0.0
0.30547410249710083 5.669603524438571e-06 0.0
0.09911976009607315 2.7354704798199236e-05 0.0
0.07266012579202652 -5.254001007415354e-05 0.0
0.28351011872291565 3.4994973248103634e-05 0.0
0.5897708535194397 2.2105466996436007e-05 0.0
0.75 -1.8250935681862757e-05 0.0
0.75 1.040382448991295e-05 0.0
0.7291184663772583 -2.376364682277199e-05 0.0
0.4765331745147705 -1.2808223800675478e-05 0.0
0.20058156549930573 2.789886093523819e-05 0.0
0.04518653452396393 1.99800942937145e-05 0.0
0.09330184012651443 -1.5096015886228997e-05 0.0
0.335222065448761 1.3093552297505084e-05 0.0
0.6027577519416809 1.533286013000179e-05 0.0
0.75 -2.064433465420734e-05 0.0
0.75 2.1470552383107133e-05 0.0
0.7350755929946899 2.0945219148416072e-05 0.0
0.4860462248325348 -6.883811147417873e-05 0.0
0.15620845556259155 -2.4790672341623576e-06 0.0
0.0033266867976635695 3.375937740202062e-05 0.0
0.08464530110359192 -9.354463372801547e-07 0.0
0.3263353705406189 2.420439341221936e-05 0.0
0.6335638761520386 -3.943253250326961e-05 0.0
0.75 -5.215753844822757e-06 0.0
0.75 2.027795198955573e-05 0.0
0.75 1.8665621610125527e-05 0.0
0.5506166815757751 -1.1131231985928025e-05 0.0
0.27155688405036926 1.6555590264033526e-05 0.0
0.07148544490337372 3.245377229177393e-05 0.0
0.054884929209947586 -2.394887269474566e-05 0.0
0.21994289755821228 1.4539999938278925e-05 0.0
0.4780001938343048 2.15150121221086e-05 0.0
0.725362241268158 2.1685358660761267e-05 0.0
0.75 -1.9302400687593035e-05 0.0
0.75 -3.439194188104011e-05 0.0
0.5736346244812012 3.9926046156324446e-05 0.0
0.3211539685726166 -1.4952201127016451e-05 0.0
0.11866699904203415 -2.460201176290866e-05 0.0
0.08101307600736618 2.9936343707959168e-05 0.0
0.2269478291273117 -6.285350536927581e-05 0.0
0.4549392759799957 1.1583821105887182e-05 0.0
0.6814160346984863 2.8082546123187058e-05 0.0
0.75 -1.8307913705939427e-05 0.0
0.7429841160774231 1.8505552361602895e-05 0.0
0.547604501247406 3.322045085951686e-05 0.0
0.30351853370666504 -2.18097757169744e-05 0.0
0.12206398695707321 -2.8471298719523475e-05 0.0
0.11190960556268692 -2.1000258129788563e-05 0.0
0.2669517993927002 8.662373147672042e-06 0.0
0.5473328828811646 2.9845137760275975e-05 0.0
0.75 2.070578557322733e-05 0.0
0.75 -7.58823225623928e-05 0.0
0.6829542517662048 1.820927718654275e-05 0.0
0.4511004686355591 3.3610187529120594e-05 0.0
0.1980748176574707 -4.964603795087896e-05 0.0
0.07873852550983429 1.5574927601846866e-05 0.0
0.13854534924030304 2.6875020921579562e-05 0.0
0.3256467580795288 -1.7062253391486593e-05 0.0
0.5667477250099182 2.3413893359247595e-05 0.0
0.75 2.394042348896619e-05 0.0
0.75 -3.393656879779883e-05 0.0
0.6572067737579346 1.8628874386195093e-05 0.0
0.419280469417572 -1.5943371181492694e-05 0.0
0.20407210290431976 -1.564511694596149e-05 0.0
0.10138439387083054 -1.8069777070195414e-05 0.0
0.17696480453014374 2.8835995180997998e-05 0.0
0.3713470995426178 -6.815296273998683e-06 0.0
0.5922220349311829 2.2531285139848478e-05 0.0
0.7435322403907776 1.89919719559839e-05 0.0
0.7457166314125061 1.6442178093711846e-05 0.0
0.5948919653892517 -2.5975541575462557e-05 0.0
0.3698692321777344 2.0657120330724865e-05 0.0
0.17532840371131897 -1.8106820789398625e-05 0.0
0.11789917200803757 -3.867061604978517e-05 0.0
0.20609252154827118 3.2487227144883946e-05 0.0
0.4030129015445709 -2.8577846023836173e-05 0.0
0.6092706918716431 -7.904343874542974e-06 0.0
0.7366504669189453 2.2106554752099328e-05 0.0
0.7148265242576599 2.2369100406649522e-05 0.0
0.5542033314704895 -2.0015955669805408e-05 0.0
0.3408719599246979 1.7295384168392047e-05 0.0
0.17751356959342957 3.6106510378886014e-05 0.0
0.15069711208343506 -8.199435251299292e-05 0.0
0.2667786180973053 9.650851097831037e-06 0.0
0.4632197320461273 -1.3294350537762512e-05 0.0
0.6429392695426941 -4.931253442919115e-06 0.0
0.7199920415878296 2.6292023903806694e-05 0.0
0.6521152853965759 2.298353865626268e-05 0.0
0.4790968596935272 1.93086416402366e-05 0.0
0.2888214886188507 -6.279875378822908e-05 0.0
0.17941783368587494 1.928679739648942e-05 0.0
0.20116794109344482 2.959015910164453e-05 0.0
0.33419591188430786 -7.3625628829177e-06 0.0
0.5091289281845093 1.741538471833337e-05 0.0
0.6458487510681152 2.3646663976251148e-05 0.0
0.6765156388282776 -3.847456173389219e-05 0.0
0.5885209441184998 1.762705505825579e-05 0.0
0.43236950039863586 3.783891224884428e-05 0.0
0.2868436276912689 -2.7194788344786502e-05 0.0
0.21855005621910095 1.7609054339118302e-05 0.0
0.26019012928009033 -5.284951839712448e-06 0.0
0.3809862732887268 -3.126195588265546e-05 0.0
0.5241340398788452 -2.0363888324936852e-05 0.0
0.6156373620033264 2.818826942529995e-05 0.0
0.6125812530517578 1.334655189566547e-05 0.0
0.5152837634086609 -7.632884808117524e-05 0.0
0.3876720666885376 1.8602568161441013e-05 0.0
0.2892042100429535 3.7275865906849504e-05 0.0
0.2707071304321289 -1.8834896764019504e-05 0.0
0.33234965801239014 2.473014137649443e-05 0.0
0.4342765808105469 2.0871051674475893e-05 0.0
0.5293725728988647 -2.8040485631208867e-05 0.0
0.5726941227912903 -2.6881494704866782e-05 0.0
0.5413356423377991 2.654901436471846e-05 0.0
0.4585580825805664 -1.1627034837147221e-05 0.0
0.3729258179664612 1.6921283531701192e-05 0.0
0.32264217734336853 -1.6265119484160095e-05 0.0
0.33207014203071594 -1.8318127331440337e-05 0.0
0.39261648058891296 -2.8364918762235902e-05 0.0
0.4631929397583008 2.7431146008893847e-05 0.0
0.5145821571350098 -9.550804861646611e-06 0.0
0.5214736461639404 1.4649494005425368e-05 0.0
0.4849109947681427 1.8440736312186345e-05 0.0
0.42613568902015686 1.9389512090128846e-05 0.0
0.3753948509693146 -1.4412687050935347e-05 0.0
0.35806456208229065 1.4585177268600091e-05 0.0
0.3799152076244354 -2.2706573872710578e-05 0.0
0.42467811703681946 -2.7544581826077774e-05 0.0
0.4683038294315338 2.2758245904697105e-05 0.0
0.49048176407814026 2.94235233013751e-05 0.0
0.482054740190506 -2.4003868020372465e-05 0.0
0.44922176003456116 3.0418752885452705e-06 0.0
0.41161027550697327 2.5544864911353216e-05 0.0
0.3876018226146698 -5.728592077502981e-05 0.0
0.38821062445640564 2.4381321054534055e-05 0.0
0.4108741581439972 3.294569978606887e-05 0.0
0.44033047556877136 -2.6082667318405584e-05 0.0
0.4636431932449341 1.5341345715569332e-05 0.0
0.46939319372177124 2.4235472665168345e-05 0.0
0.4567023813724518 3.1354738894151524e-05 0.0
0.4327186346054077 -9.504193440079689e-05 0.0
0.41131460666656494 2.528075856389478e-05 0.0
0.4021894037723541 3.873897003359161e-05 0.0
0.4087821841239929 -2.2454545614891686e-05 0.0
0.42636945843696594 9.988611054723151e-06 0.0
0.44549280405044556 -2.3672482711845078e-05 0.0
0.4557761549949646 -2.19285848288564e-05 0.0
0.4537535309791565 2.6355010049883276e-05 0.0
0.44165095686912537 2.5878041924443096e-05 0.0
0.4259841740131378 -3.936006760341115e-05 0.0
0.4152738153934479 1.2176100426586345e-05 0.0
0.4136108458042145 3.529198147589341e-05 0.0
0.4208807051181793 -2.7222296921536326e-05 0.0
0.4329916834831238 1.6090061762952246e-05 0.0
0.4437534213066101 -2.295628291903995e-05 0.0
0.44769006967544556 2.5708841349114664e-05 0.0
0.4438081681728363 -2.252844387840014e-05 0.0
0.43475568294525146 2.040911749645602e-05 0.0
0.42538705468177795 3.701899913721718e-05 0.0
0.4203053116798401 -8.469511521980166e-05 0.0
0.42161571979522705 2.3957476514624432e-05 0.0
0.42808544635772705 3.681239832076244e-05 0.0
0.4355926513671875 -3.6699049815069884e-05 0.0
0.44096505641937256 1.6154832337633707e-05 0.0
0.4416326582431793 2.8349690182949416e-05 0.0
0.4377592206001282 -2.0224346371833235e-05 0.0
0.4315490126609802 -4.8688070819480345e-06 0.0
0.4263300895690918 2.8028091037413105e-05 0.0
0.42460453510284424 -6.81458695908077e-05 0.0
0.42681822180747986 1.7446103811380453e-05 0.0
0.4315497875213623 4.2508556362008676e-05 0.0
0.4361358880996704 2.523552939237561e-05 0.0
0.4384225606918335 -9.051842789631337e-05 0.0
0.43746665120124817 9.786715963855386e-06 0.0
0.43399369716644287 3.969657700508833e-05 0.0
0.43018442392349243 -2.2799576981924474e-05 0.0
0.427692711353302 1.1129694030387327e-05 0.0
0.42775800824165344 2.767434489214793e-05 0.0
0.4300338923931122 -2.603023858682718e-05 0.0
0.4332050681114197 1.829587563406676e-05 0.0
0.4355701804161072 3.191254654666409e-05 0.0
0.4361881911754608 -8.297416934510693e-05 0.0
0.4348028004169464 1.2414982847985812e-05 0.0
0.432373046875 4.300892032915726e-05 0.0
0.4301179051399231 -5.031870387028903e-05 0.0
0.4291783273220062 -2.740379022725392e-05 0.0
0.42982572317123413 1.9908291505998932e-05 0.0
0.4317065477371216 -1.186785266327206e-05 0.0
0.4336278736591339 -8.382557098229881e-06 0.0
0.43475785851478577 1.4369766176969279e-05 0.0
0.43455618619918823 3.2050087611423805e-05 0.0
0.43332329392433167 -2.3419386707246304e-05 0.0
0.43171238899230957 1.3435314031085e-05 0.0
0.4305645823478699 3.3545664336998016e-05 0.0
0.430379718542099 -5.637451249640435e-05 0.0
0.4311504364013672 8.298437933262903e-06 0.0
0.432468444108963 -1.3379659321799409e-05 0.0
0.43353044986724854 -2.379877150815446e-05 0.0
0.433919221162796 3.9872997149359435e-05 0.0
0.43347641825675964 2.5719407858559862e-05 0.0
0.43249964714050293 -2.4175087673938833e-05 0.0
0.43157529830932617 1.5709438230260275e-05 0.0
0.4310723841190338 1.4746008673682809e-05 0.0
0.4312284588813782 3.264982660766691e-05 0.0
0.43190163373947144 -6.0634713008766994e-05 0.0
0.4327194392681122 1.2677105587499682e-05 0.0
0.43324658274650574 4.4818469177698717e-05 0.0
0.43326979875564575 -4.748055289383046e-05 0.0
0.43282783031463623 1.3663398931385018e-05 0.0
0.43216875195503235 3.5994376958115026e-05 0.0
0.4316515326499939 -2.2229733076528646e-05 0.0
0.4315038025379181 2.2613208784605376e-05 0.0
0.43179047107696533 -2.751306237769313e-05 0.0
0.43231168389320374 -6.818722613388672e-05 0.0
0.43277066946029663 2.9504148187697865e-05 0.0
0.43296682834625244 3.1277380912797526e-05 0.0
0.43283525109291077 -2.6932584660244174e-05 0.0
0.4324694871902466 1.3501092325896025e-05 0.0
0.43203142285346985 -2.4138380467775278e-05 0.0
0.4317902624607086 -2.2160800654091872e-05 0.0
0.43182164430618286 1.8138409359380603e-05 0.0
0.4320942461490631 2.8801194275729358e-05 0.0
0.4324459731578827 2.9659502615686506e-05 0.0
0.4326906204223633 -3.387618562555872e-05 0.0
0.4327215552330017 -2.2988779164734297e-05 0.0
0.4325489103794098 2.3437243726220913e-05 0.0
0.43226584792137146 -2.4669441700098105e-05 0.0
0.4320555031299591 1.029710711009102e-05 0.0
0.431979775428772 4.0411334339296445e-05 0.0
0.4320661723613739 -2.0846069674007595e-05 0.0
0.4322802722454071 2.160748772439547e-05 0.0
0.43249747157096863 1.4784091945330147e-05 0.0
0.43258360028266907 -2.5393359464942478e-05 0.0
0.43254557251930237 2.407238571322523e-05 0.0
0.43240392208099365 3.226079206797294e-05 0.0
0.43222448229789734 1.4611352526117116e-05 0.0
0.4321107566356659 -8.276002336060628e-05 0.0
0.43210774660110474 -9.086131740332348e-07 0.0
0.43220436573028564 4.548600554699078e-05 0.0
0.43233534693717957 3.3335476473439485e-05 0.0
0.4324420988559723 -1.8989625459653325e-05 0.0
0.4324902296066284 2.3280110326595604e-05 0.0
0.4324520528316498 -2.776818655547686e-05 0.0
0.43233489990234375 -2.764680357358884e-05 0.0
0.4322212338447571 4.799892849405296e-05 0.0
0.4321556091308594 1.145608530350728e-05 0.0
0.43216949701309204 -8.164969040080905e-05 0.0
0.4322628676891327 6.895912520121783e-05 0.0
0.43237972259521484 -9.621652679925319e-06 0.0
0.4324556589126587 -8.716426964383572e-05 0.0
0.43243879079818726 -6.970811955397949e-05 0.0
0.432376891374588 0.0001293091190746054 0.0
0.43228670954704285 0.00014269725943449885 0.0
