0.75 0.05581515654921532 0.0
0.75 0.05595827475190163 0.0
0.75 0.05602983012795448 0.0
0.75 0.05610138922929764 0.0
0.75 0.05617294833064079 0.0
0.75 0.05624450370669365 0.0
0.75 0.056316062808036804 0.0
0.75 0.05638762190937996 0.0
0.75 0.056459181010723114 0.0
0.75 0.05653073638677597 0.0
0.75 0.05653073638677597 0.0
0.75 0.05467698350548744 0.0
0.75 0.04940887913107872 0.0
0.75 0.0444338284432888 0.0
0.75 0.04068280756473541 0.0
0.75 0.036095451563596725 0.0
0.75 -0.02257232740521431 0.0
0.75 0.024674203246831894 0.0
0.75 0.019259467720985413 0.0
0.75 0.013860363513231277 0.0
0.75 0.012530563399195671 0.0
0.75 0.01110683660954237 0.0
0.75 -0.02382270060479641 0.0
0.75 0.008456096053123474 0.0
0.75 0.005813314113765955 0.0
0.75 0.0018739429069682956 0.0
0.75 0.002032878343015909 0.0
0.75 0.0018350002355873585 0.0
0.75 -0.021353548392653465 0.0
0.75 0.0005443836562335491 0.0
0.75 0.0013681557029485703 0.0
0.75 -0.0009733670740388334 0.0
0.75 -0.0012510912492871284 0.0
0.75 -0.0005527424509637058 0.0
0.75 -0.017144137993454933 0.0
0.75 -0.0019243973074480891 0.0
0.75 0.001086135278455913 0.0
0.75 -0.001401272602379322 0.0
0.75 -0.013219225220382214 0.0
0.75 -0.0007683413568884134 0.0
0.75 0.00023555423831567168 0.0
0.75 -0.0014717952581122518 0.0
0.75 -0.009506787173449993 0.0
0.45025634765625 -0.0006301170797087252 0.0
0.0 0.00023149242042563856 0.18727777898311615
0.0 -0.0008080035331659019 0.30000001192092896
0.0 -0.0010644295252859592 0.30000001192092896
0.0 -0.006880751345306635 0.30000001192092896
0.060036852955818176 -0.0006706894491799176 0.0
0.4183489978313446 -2.4924996978370473e-05 0.0
0.75 -0.0005794257740490139 0.0
0.75 -0.0007268460467457771 0.0
0.75 -0.0051802839152514935 0.0
0.75 -1.5977536804712145e-06 0.0
0.75 0.0002879795792978257 0.0
0.44514140486717224 -0.00040935087599791586 0.0
0.056193504482507706 -0.0005825165426358581 0.0
0.0 -0.00379216973669827 0.30000001192092896
0.0 -0.0002599704312160611 0.22144676744937897
0.0 8.624677866464481e-05 0.013246296904981136
0.39930352568626404 -0.00025992351584136486 0.0
0.7176449298858643 -0.00035918617504648864 0.0
0.75 -0.0029155195225030184 0.0
0.75 -0.00020204154134262353 0.0
0.75 7.366164936684072e-05 0.0
0.75 -0.0002288917312398553 0.0
0.4985619783401489 -0.0021769958548247814 0.0
0.0 -0.0001452517753932625 0.00823170691728592
0.0 5.191848686081357e-05 0.26931509375572205
0.0 -0.00021025046589784324 0.30000001192092896
0.022203238680958748 -0.0008366238325834274 0.0
0.3107278645038605 -0.0023197794798761606 0.0
0.7476739883422852 -0.00039674784056842327 0.0
0.75 -9.555721044307575e-05 0.0
0.75 -0.00021820915571879596 0.0
0.75 -0.000245076313149184 0.0
0.75 -0.0012719162041321397 0.0
0.32835373282432556 -0.0001454943703720346 0.0
0.0 5.5000009524519555e-06 0.054841507226228714
0.0 -0.0001591357431607321 0.30000001192092896
0.0 -0.00016646301082801074 0.1723143607378006
0.060138385742902756 -0.0009129421086981893 0.0
0.4751788079738617 9.05328033695696e-06 0.0
0.75 0.00033922315924428403 0.0
0.75 2.7293119273963384e-05 0.0
0.75 -9.708981087896973e-05 0.0
0.75 -0.0006402862491086125 0.0
0.7127192616462708 -2.112655420205556e-05 0.0
0.3674076497554779 1.264482762053376e-05 0.0
0.0 -3.4535565646365285e-05 0.12219072133302689
0.0 -5.1082657591905445e-05 0.2638307511806488
0.0 -0.00046203628880903125 0.2077765166759491
0.16090027987957 -4.978470678906888e-05 0.0
0.4402841329574585 4.100505611859262e-05 0.0
0.75 -4.122310201637447e-05 0.0
0.75 -2.0897483409498818e-05 0.0
0.75 -0.00032515308703295887 0.0
0.75 1.971411802514922e-05 0.0
0.476327121257782 1.113119833462406e-05 0.0
0.00556705379858613 1.1949024155910593e-05 0.0
0.0 -0.0002625130582600832 0.2235276997089386
0.0 -5.579923708864953e-06 0.2551082670688629
0.09270650893449783 2.173757820855826e-05 0.0
0.36418670415878296 0.0003542751946952194 0.0
0.75 0.00013201218098402023 0.0
0.75 -0.00015744761913083494 0.0
0.75 6.316716735454975e-06 0.0
0.75 2.8281729100854136e-05 0.0
0.6123861074447632 1.64472330652643e-05 0.0
0.15314066410064697 -6.323228262772318e-06 0.0
0.0 -0.00012054419494234025 0.1433943659067154
0.0 -8.223166332754772e-06 0.27383989095687866
0.007115453016012907 -2.921148507084581e-06 0.0
0.2594794034957886 -1.0197655683441553e-05 0.0
0.6815176010131836 -2.668648676262819e-06 0.0
0.75 -6.562755152117461e-05 0.0
0.75 -3.3429907489335164e-05 0.0
0.75 -2.765130193438381e-05 0.0
0.75 -2.3596578103024513e-05 0.0
0.3523447811603546 -7.282041224243585e-06 0.0
0.0 -8.232286927523091e-05 0.020721320062875748
0.0 -2.934328767878469e-05 0.30000001192092896
0.0 -1.2140749277023133e-05 0.1741000860929489
0.055518653243780136 3.348503742017783e-05 0.0
0.4712907373905182 0.00011001654638675973 0.0
0.75 7.787582035234664e-06 0.0
0.75 -0.00014327371900435537 0.0
0.75 -4.626609370461665e-05 0.0
0.75 2.467150625307113e-05 0.0
0.719566822052002 1.0367963113822043e-05 0.0
0.3743935525417328 -2.5782333068491425e-06 0.0
0.0 -0.00012345735740382224 0.11974238604307175
0.0 -0.00011448973236838356 0.26820752024650574
0.0 0.00012424768647179008 0.2162536233663559
0.1524370163679123 8.816138870315626e-05 0.0
0.4322604835033417 -6.491270141850691e-06 0.0
0.75 -1.6117084669531323e-05 0.0
0.75 3.8622682041022927e-05 0.0
0.75 2.8519731131382287e-05 0.0
0.75 3.5904002288589254e-05 0.0
0.49270790815353394 2.8012074835714884e-05 0.0
0.02366252802312374 3.432395533309318e-05 0.0
0.0 -1.2762367077812087e-05 0.2129412144422531
0.0 2.1461524738697335e-05 0.25502121448516846
0.08530139178037643 5.068700556876138e-05 0.0
0.3563487231731415 -3.9933376683620736e-05 0.0
0.75 1.2427492947608698e-05 0.0
0.75 2.2239095414988697e-05 0.0
0.75 -5.45761736248096e-07 0.0
0.75 1.5236791114148218e-05 0.0
0.6214960217475891 -3.3444615837652236e-05 0.0
0.16348785161972046 -3.288331936346367e-05 0.0
0.0 -1.7001302694552578e-05 0.1375598907470703
0.0 -3.101560287177563e-05 0.27572157979011536
0.0 -3.1983076951291878e-06 0.00040691992035135627
0.25076720118522644 1.5704610632383265e-05 0.0
0.6743964552879333 3.3636431908234954e-05 0.0
0.75 -4.429203545441851e-05 0.0
0.75 3.106962685706094e-05 0.0
0.75 1.8961001842399128e-05 0.0
0.75 -7.408072997350246e-05 0.0
0.37538784742355347 1.56816986418562e-05 0.0
0.005000937730073929 3.817857941612601e-05 0.0
0.0 -3.824845771305263e-05 0.30000001192092896
0.0 -4.60613846371416e-05 0.1835821270942688
0.0424339659512043 3.5073764593107626e-05 0.0
0.4569222629070282 3.109320095973089e-05 0.0
0.75 -1.1483244634291623e-05 0.0
0.75 3.326229489175603e-05 0.0
0.75 3.0116201742202975e-05 0.0
0.75 -5.824553591082804e-05 0.0
0.7498419284820557 1.5904432075330988e-05 0.0
0.4021262526512146 2.753827538981568e-05 0.0
0.0 -3.5510805901139975e-05 0.11322426050901413
0.0 -4.8944679292617366e-05 0.29247477650642395
0.0 2.2274685761658475e-05 0.25872042775154114
0.11230570077896118 3.4675376809900627e-05 0.0
0.3966311514377594 -3.0825882276985794e-05 0.0
0.75 9.7715383162722e-06 0.0
0.75 4.28430903411936e-05 0.0
0.75 -2.1000065316911787e-05 0.0
0.75 1.2976581274415366e-05 0.0
0.5736537575721741 1.0375648344052024e-05 0.0
0.11055624485015869 -3.7613106542266905e-05 0.0
0.0 -4.648915273719467e-05 0.16617320477962494
0.0 4.460977288545109e-05 0.2641464173793793
0.03820645064115524 2.7924868390982738e-06 0.0
0.2953979969024658 -4.383763734949753e-05 0.0
0.7076178789138794 3.676284177345224e-05 0.0
0.75 1.1585442734940443e-05 0.0
0.75 2.9815835659974255e-05 0.0
0.75 -8.562320545024704e-06 0.0
0.7235898971557617 4.743590579892043e-06 0.0
0.2653957009315491 -3.755281795747578e-05 0.0
0.0 -2.511015372874681e-05 0.09804479032754898
0.0 3.534309144015424e-05 0.30000001192092896
0.0 -9.401847819390241e-06 0.12087429314851761
0.11880439519882202 -3.222304076189175e-05 0.0
0.5332611203193665 4.045656169182621e-05 0.0
0.75 1.0540779840084724e-05 0.0
0.75 3.0162351322360337e-05 0.0
0.75 -8.853740837366786e-06 0.0
0.75 1.5821064152987674e-05 0.0
0.5798312425613403 -3.8510203012265265e-05 0.0
0.23724505305290222 -1.0274252417730168e-05 0.0
0.0 4.183540113444906e-06 0.16815322637557983
0.0 -3.334783104946837e-05 0.18342699110507965
0.0 7.1906738412508275e-06 0.059308603405952454
0.3117496073246002 4.62852549389936e-05 0.0
0.6029998660087585 -5.719785622204654e-05 0.0
0.75 1.6154339391505346e-05 0.0
0.75 2.7777326977229677e-05 0.0
0.75 3.84466620744206e-05 0.0
0.6472100615501404 -4.580771565088071e-05 0.0
0.33596718311309814 -2.4604521968285553e-05 0.0
0.0 3.578662290237844e-05 0.08867146074771881
0.0 -8.294615327031352e-06 0.17916421592235565
0.0 -4.034027733723633e-05 0.10752759128808975
0.24642086029052734 -3.065186774620088e-06 0.0
0.5220104455947876 3.7831199733773246e-05 0.0
0.75 2.5384746550116688e-05 0.0
0.75 1.9437517551068595e-07 0.0
0.75 3.852337249554694e-05 0.0
0.6538400053977966 -4.153298868914135e-05 0.0
0.3595423996448517 -3.723081317730248e-05 0.0
0.0 3.7101013731444255e-05 0.057838618755340576
0.0 -6.491387011919869e-06 0.16423676908016205
0.0 -4.188228558632545e-05 0.10837889462709427
0.23929767310619354 -3.997151907242369e-06 0.0
0.5114821791648865 3.844223465421237e-05 0.0
0.75 2.6118243113160133e-05 0.0
0.75 -2.2935493689146824e-05 0.0
0.75 2.567585943324957e-05 0.0
0.6539830565452576 -2.6684632757678628e-05 0.0
0.362062007188797 6.1614996411663014e-06 0.0
0.0 -3.188012487953529e-05 0.054014965891838074
0.0 -1.4174496755003929e-05 0.16234201192855835
0.0 4.859526961809024e-05 0.1081993579864502
0.23881979286670685 -4.0548522520111874e-05 0.0
0.5107367038726807 9.879778190224897e-06 0.0
0.75 4.0857543353922665e-05 0.0
0.75 1.549521584820468e-05 0.0
0.75 -4.753416214953177e-05 0.0
0.6539289951324463 9.804787623579614e-06 0.0
0.3621872663497925 4.55056106147822e-05 0.0
0.0 -3.457788625382818e-05 0.05371334031224251
0.0 -4.172830449533649e-05 0.16214430332183838
0.0 2.5253870262531564e-05 0.10804641991853714
0.23888471722602844 -2.5657743663032306e-06 0.0
0.5107690095901489 2.4460332497255877e-05 0.0
0.75 2.734291228989605e-05 0.0
0.75 -3.285168713773601e-05 0.0
0.75 2.760911411314737e-05 0.0
0.6537964940071106 -2.636952012835536e-05 0.0
0.3620542883872986 -4.840399014938157e-06 0.0
0.0 -3.3110263757407665e-05 0.053757768124341965
0.0 1.0017149179475382e-05 0.16203109920024872
0.0 -1.1143698429805227e-05 0.10790598392486572
0.2390289455652237 1.3206299627199769e-05 0.0
0.5109099745750427 3.6202414776198566e-05 0.0
0.75 -3.203844607924111e-05 0.0
0.75 3.6386874853633344e-05 0.0
0.75 2.285924529132899e-05 0.0
0.6537322998046875 -8.437500218860805e-05 0.0
0.3619353771209717 2.269185279146768e-05 0.0
0.0 2.555580977059435e-05 0.053856365382671356
0.0 -3.331129119032994e-05 0.1620374619960785
0.0 -6.359450708259828e-06 0.10783679038286209
0.23913919925689697 3.0198883905541152e-05 0.0
0.5110235214233398 5.724233687942615e-06 0.0
0.75 3.772529817069881e-05 0.0
0.75 -3.3132204407593235e-05 0.0
0.75 1.162397165899165e-05 0.0
0.6536639332771301 2.166580998164136e-05 0.0
0.3618495762348175 -2.5045826987479813e-05 0.0
0.0 -3.8773516280343756e-05 0.0539177767932415
0.0 -1.2012721526843961e-05 0.16209885478019714
0.0 3.232142626075074e-05 0.1077437549829483
0.23924584686756134 -1.4665527487522922e-05 0.0
0.5111303329467773 7.561046118098602e-07 0.0
0.75 4.085388354724273e-05 0.0
0.75 -1.9464765500742942e-05 0.0
0.75 1.0466875210113358e-05 0.0
0.6534882187843323 1.9408225853112526e-05 0.0
0.3616943359375 -3.7928584788460284e-05 0.0
0.0 -1.4940941582608502e-05 0.053952742367982864
0.0 -3.076693610637449e-05 0.16186881065368652
0.0 4.166231519775465e-05 0.10755115747451782
0.2394317388534546 -1.1937814861084917e-06 0.0
0.5113370418548584 -1.1020501915481873e-05 0.0
0.75 2.7488558771437965e-05 0.0
0.75 1.655142659728881e-05 0.0
0.75 1.916730298034963e-06 0.0
0.6533803343772888 -2.8353517336654477e-05 0.0
0.3615626096725464 4.532550883595832e-05 0.0
0.0 -6.305070564849302e-05 0.05410226434469223
0.0 -5.246223736321554e-06 0.16180908679962158
0.0 3.5474215110298246e-05 0.10741272568702698
0.2395666390657425 -2.53627458732808e-05 0.0
0.5114787220954895 1.8382953612672281e-06 0.0
0.75 3.157657556585036e-05 0.0
0.75 1.4030922102392651e-05 0.0
0.75 -3.10384675685782e-05 0.0
0.6531984806060791 4.0203671233030036e-05 0.0
0.36137697100639343 -2.2599078874918632e-05 0.0
0.0 -4.297486157156527e-05 0.05414659529924393
0.0 1.1506305781949777e-05 0.16168859601020813
0.0 -8.973557669378351e-06 0.10716842114925385
0.23974941670894623 4.688828994403593e-06 0.0
0.5117062330245972 4.110115332878195e-05 0.0
0.75 -2.7329147997079417e-05 0.0
0.75 3.097661101492122e-05 0.0
0.75 2.6133997380384244e-05 0.0
0.6533772349357605 4.563344191410579e-06 0.0
0.36139148473739624 -4.8599729780107737e-05 0.0
0.0 -5.946616511209868e-05 0.05436593294143677
0.0 4.747546699945815e-05 0.16197419166564941
0.0 -1.6906089513213374e-05 0.10746239125728607
0.239564448595047 -4.54664696007967e-05 0.0
0.5115272402763367 4.089845242560841e-05 0.0
0.75 1.904298369481694e-05 0.0
0.75 -3.221012593712658e-05 0.0
0.75 3.344399738125503e-05 0.0
0.6533008217811584 -1.4661044588137884e-05 0.0
0.36142513155937195 -3.183933222317137e-05 0.0
0.0 -2.604810106277e-05 0.0541527085006237
0.0 4.400693069328554e-05 0.16180452704429626
0.0 -3.492174801067449e-05 0.10726051777601242
0.23969508707523346 -1.2189098015369382e-05 0.0
0.5115966200828552 3.059810842387378e-05 0.0
0.75 9.410367056261748e-06 0.0
0.75 3.254261173424311e-05 0.0
0.75 -3.0148208679747768e-05 0.0
0.6531339287757874 1.7026752175297588e-05 0.0
0.3612644672393799 -2.1082769308122806e-05 0.0
0.0 -3.188098344253376e-05 0.05424894765019417
0.0 3.3342745155096054e-05 0.16167423129081726
0.0 -3.385547097423114e-05 0.10706496983766556
0.23988044261932373 2.006095655815443e-06 0.0
0.5118269324302673 2.5431805624975823e-05 0.0
0.75 2.3478643925045617e-05 0.0
0.75 2.3320766558754258e-05 0.0
0.75 -4.2813015170395374e-05 0.0
0.6529602408409119 1.846771738200914e-05 0.0
0.3610804080963135 -1.8618744434206747e-05 0.0
0.0 -3.29349932144396e-05 0.054333414882421494
0.0 3.286953142378479e-05 0.16161468625068665
0.0 -3.458583159954287e-05 0.10688530653715134
0.24009795486927032 1.381007450618199e-06 0.0
0.5120238065719604 1.653531944612041e-05 0.0
0.75 3.4019441955024377e-05 0.0
0.75 1.2104862435080577e-05 0.0
0.75 -3.367883255123161e-05 0.0
0.6527789235115051 3.1138191843638197e-05 0.0
0.3608784079551697 -2.1729034415329807e-05 0.0
0.0 -3.472125172265805e-05 0.05447717383503914
0.0 2.3220378352561966e-05 0.1614801585674286
0.0 -1.1278096280875616e-05 0.10665792971849442
0.24030807614326477 -8.102357242023572e-06 0.0
0.5122890472412109 1.4349428965942934e-05 0.0
0.75 3.553824353730306e-05 0.0
0.75 1.3879607649869286e-05 0.0
0.75 -4.547309799818322e-05 0.0
0.6526190638542175 4.419323886395432e-05 0.0
0.3606738746166229 -3.250410736654885e-05 0.0
0.0 -3.579603071557358e-05 0.0545407235622406
0.0 4.6833873057039455e-05 0.16141685843467712
0.0 -3.460660082055256e-05 0.10647466033697128
0.24051201343536377 -1.9660277757793665e-05 0.0
0.5125272870063782 2.4770608433755115e-05 0.0
0.75 3.799262776738033e-05 0.0
0.75 1.25330670925905e-05 0.0
0.75 -4.733773312182166e-05 0.0
0.6524792909622192 4.4424974475987256e-05 0.0
0.36050668358802795 -2.1074391042930074e-05 0.0
0.0 -3.698281216202304e-05 0.054660022258758545
0.0 1.1827966773125809e-05 0.16135762631893158
0.0 8.548312848688511e-07 0.1063123568892479
0.2407016009092331 -3.689771256176755e-05 0.0
0.5127478241920471 3.371284401509911e-05 0.0
0.75 3.866733459290117e-05 0.0
0.75 1.2763903214363381e-05 0.0
0.75 -4.8421414248878136e-05 0.0
0.652391791343689 2.168235914723482e-05 0.0
0.3603609800338745 2.4337265131180175e-05 0.0
0.0 -3.5662465961650014e-05 0.05477499961853027
0.0 -3.973217462771572e-05 0.16137318313121796
0.0 4.906762842438184e-05 0.10621805489063263
0.24081268906593323 -3.1220006349030882e-06 0.0
0.5127965807914734 -1.003527177090291e-05 0.0
0.75 2.4910039428505115e-05 0.0
0.75 4.013036232208833e-05 0.0
0.75 -3.228510468034074e-05 0.0
0.6523469090461731 -6.700336143694585e-06 0.0
0.3603130280971527 3.414304228499532e-05 0.0
0.0 -3.228919376851991e-05 0.05484692007303238
0.0 -2.7279196729068644e-05 0.16131103038787842
0.0 1.2903900824312586e-05 0.10610781610012054
0.24089206755161285 -3.7459749364643358e-06 0.0
0.5129138827323914 2.4941091396613047e-05 0.0
0.75 3.8693109672749415e-05 0.0
0.75 -4.487629485083744e-05 0.0
0.75 2.631837378430646e-05 0.0
0.6522199511528015 -1.468763093726011e-05 0.0
0.3601824641227722 -3.677557469927706e-05 0.0
0.0 2.2286536477622576e-05 0.05486723408102989
0.0 -9.24865344131831e-06 0.16121476888656616
0.0 -4.733020978164859e-05 0.10601162165403366
0.24100227653980255 2.4125070922309533e-05 0.0
0.5130789875984192 3.9032915083225816e-05 0.0
0.75 4.75047016834651e-07 0.0
0.75 1.1980021554336417e-05 0.0
0.75 4.436368544702418e-05 0.0
0.6522321105003357 -7.872200512792915e-05 0.0
0.36014360189437866 4.729772172140656e-06 0.0
0.0 4.174897912889719e-05 0.05494421347975731
0.0 -3.635335815488361e-05 0.16128534078598022
0.0 -5.083422001916915e-05 0.10602053999900818
0.24101026356220245 3.9055696106515825e-05 0.0
0.5130521059036255 3.071151877520606e-05 0.0
0.75 -2.4076918634818867e-05 0.0
0.75 2.440133539494127e-05 0.0
0.75 1.6093272279249504e-05 0.0
0.5736500024795532 0.0009579673642292619 0.0
0.3139766454696655 -8.373447053600103e-05 0.0
0.0 -0.00014364307571668178 0.03837759047746658
0.0 2.124403545167297e-05 0.08542425185441971
0.0 6.302975089056417e-05 0.00803498737514019
0.3288390040397644 7.277359691215679e-05 0.0
0.6108054518699646 3.611269130487926e-05 0.0
0.75 5.301251439959742e-05 0.0
0.75 4.5308373955776915e-05 0.0
0.75 -1.055743496181094e-06 0.0
0.6402419805526733 3.0031311325728893e-05 0.0
0.327907532453537 2.522031900298316e-05 0.0
0.0 -1.1936154805880506e-05 0.09343225508928299
0.0 -5.821513695991598e-05 0.17634768784046173
0.0 9.514411431155168e-06 0.10008304566144943
0.25455164909362793 4.291199002182111e-05 0.0
0.5310265421867371 -3.419716449570842e-05 0.0
0.75 2.1543510229093954e-06 0.0
0.75 4.762017852044664e-05 0.0
0.75 -4.926266774418764e-05 0.0
0.6490845084190369 -1.727809285512194e-05 0.0
0.35317906737327576 4.886879833065905e-05 0.0
0.0 -3.420353459659964e-05 0.06233656033873558
0.0 -6.730161840096116e-05 0.16274306178092957
0.0 3.0905601306585595e-05 0.10307957977056503
0.24511952698230743 1.416364193573827e-05 0.0
0.5179774165153503 -4.3932821427006274e-05 0.0
0.75 2.2153913960210048e-05 0.0
0.75 2.080582817143295e-05 0.0
0.75 3.1657578801969066e-05 0.0
0.6503896713256836 -4.093195457244292e-05 0.0
0.3573984205722809 -7.24094297765987e-06 0.0
0.0 -1.0180979188589845e-05 0.05710597336292267
0.0 -3.341864430694841e-05 0.16083593666553497
0.0 1.835623879742343e-05 0.1038975939154625
0.24340006709098816 3.063892654608935e-05 0.0
0.5157214999198914 -9.14841984922532e-06 0.0
0.75 3.635033135651611e-05 0.0
0.75 -8.926709597290028e-06 0.0
0.75 1.2279429029149469e-05 0.0
0.6508240103721619 -2.8088716135243885e-06 0.0
0.35826027393341064 -3.760989420698024e-05 0.0
0.0 1.2557155059766956e-05 0.05624819174408913
0.0 -3.383071452844888e-05 0.16071073710918427
0.0 7.259709036588902e-06 0.1043243259191513
0.24288354814052582 4.2968462366843596e-05 0.0
0.5150818228721619 -4.30685504397843e-05 0.0
0.75 9.785760994418524e-06 0.0
0.75 2.1565914721577428e-05 0.0
0.75 2.4495262550772168e-05 0.0
0.6510049104690552 -1.833758688007947e-05 0.0
0.35858407616615295 -4.162785626249388e-05 0.0
0.0 2.8975609893677756e-05 0.05597047507762909
0.0 -1.6128462448250502e-05 0.1607012003660202
0.0 -3.741489854292013e-05 0.10451338440179825
0.2426128387451172 4.001797424280085e-05 0.0
0.5147672891616821 1.8642122086021118e-05 0.0
0.75 2.521768146834802e-05 0.0
0.75 -6.483960169134662e-05 0.0
0.75 3.2836280297487974e-05 0.0
0.6512104272842407 3.454116085777059e-05 0.0
0.35880976915359497 -4.21083859691862e-05 0.0
0.0 -3.0021976272109896e-05 0.055806808173656464
0.0 3.385730451554991e-05 0.16078820824623108
0.0 -9.672493433754425e-06 0.10478277504444122
0.242284893989563 -3.247602580813691e-05 0.0
0.5144464373588562 4.051885844091885e-05 0.0
0.75 2.179878174501937e-05 0.0
0.75 2.096569733112119e-05 0.0
0.75 -1.8632134015206248e-05 0.0
0.6514698266983032 1.819266253733076e-05 0.0
0.3591381013393402 -1.067359607986873e-05 0.0
0.0 -5.2927109209122136e-05 0.055619318038225174
0.0 1.1457539585535415e-05 0.16095443069934845
0.0 2.4932789528975263e-05 0.10508636385202408
0.24199843406677246 -3.980932888225652e-05 0.0
0.5141223073005676 2.6353720386396162e-05 0.0
0.75 2.1292787550919456e-06 0.0
0.75 3.284635386080481e-05 0.0
0.75 4.695154530054424e-06 0.0
0.6516222953796387 -4.253010411048308e-05 0.0
0.3593454658985138 4.5532171498052776e-05 0.0
0.0 -4.1053470340557396e-05 0.05549820885062218
0.0 -3.765949441003613e-05 0.16100123524665833
0.0 4.53336069767829e-05 0.10525625199079514
0.24179087579250336 3.0019515406820574e-07 0.0
0.51389080286026 -2.3882550522102974e-05 0.0
0.75 2.259396387671586e-05 0.0
0.75 3.684010516735725e-05 0.0
0.75 3.1620775189367123e-06 0.0
0.6517065167427063 -4.377892037155107e-05 0.0
0.35951197147369385 2.1671616195817478e-05 0.0
0.0 -2.706152736209333e-05 0.05535903945565224
0.0 -3.584369187592529e-05 0.1609993577003479
0.0 4.410042311064899e-05 0.105367511510849
0.24164888262748718 1.1403959433664568e-05 0.0
0.5137524604797363 -5.5167573009384796e-05 0.0
0.75 3.0251143471105024e-05 0.0
0.75 2.789776772260666e-05 0.0
0.75 3.537091106409207e-05 0.0
0.6518439650535583 -4.504662501858547e-05 0.0
0.3596527874469757 -1.3385248166741803e-05 0.0
0.0 4.57716996606905e-05 0.05529724806547165
0.0 -3.052641841350123e-05 0.1611132174730301
0.0 -4.0532846469432116e-05 0.10556738078594208
0.24148701131343842 4.5987850171513855e-05 0.0
0.5135731101036072 -8.229119885072578e-06 0.0
0.75 8.175878974725492e-06 0.0
0.75 3.6351022572489455e-05 0.0
0.75 -1.78447207872523e-05 0.0
0.6519147157669067 -7.238420948851854e-06 0.0
0.35973697900772095 -2.0817054974031635e-05 0.0
0.0 -9.91205706668552e-06 0.055192288011312485
0.0 -3.278477379353717e-05 0.16109701991081238
0.0 3.2005082175601274e-05 0.10562986135482788
0.24141421914100647 9.829271220951341e-06 0.0
0.5134972929954529 -2.3237789719132707e-06 0.0
0.75 2.2309503037831746e-05 0.0
0.75 3.768048918573186e-05 0.0
0.75 -3.068073419854045e-05 0.0
0.6519348621368408 5.390493697632337e-06 0.0
0.3597638010978699 -2.1005262169637717e-05 0.0
0.0 -3.182172804372385e-05 0.05516223981976509
0.0 4.62394418718759e-05 0.1610703021287918
0.0 -3.5079017834505066e-05 0.10558255016803741
0.24142080545425415 -1.1791259566962253e-05 0.0
0.5134696960449219 6.434493570850464e-06 0.0
0.75 3.567163003026508e-05 0.0
0.75 1.3696957466891035e-05 0.0
0.75 -1.1215122867724858e-05 0.0
0.6519662737846375 4.3941512558376417e-05 0.0
0.3597744107246399 -6.158012547530234e-05 0.0
0.0 -3.0991491257736925e-06 0.05521687492728233
0.0 1.804849125619512e-05 0.16114935278892517
0.0 -3.6570407246472314e-05 0.10563083738088608
0.2413964569568634 -5.634301032841904e-06 0.0
0.5134866237640381 2.6797140890266746e-05 0.0
0.75 3.645578908617608e-05 0.0
0.75 -1.066109416569816e-05 0.0
0.75 1.3042958016740158e-05 0.0
0.6519901752471924 -2.7265188691671938e-05 0.0
0.3598020374774933 7.53584072299418e-06 0.0
0.0 -3.072645631618798e-05 0.05520999804139137
0.0 -1.4216297131497413e-05 0.16118687391281128
0.0 3.5578366805566475e-05 0.1056923121213913
0.2413415163755417 -3.80483252229169e-05 0.0
0.5133903622627258 1.0968475180561654e-05 0.0
0.75 3.897659189533442e-05 0.0
0.75 1.4581660252588335e-05 0.0
0.75 -1.1360802091076039e-05 0.0
0.652040958404541 -6.091632712923456e-06 0.0
0.35988378524780273 4.2323576053604484e-05 0.0
0.0 -3.231961454730481e-05 0.05512471869587898
0.0 -3.915357592632063e-05 0.16114941239356995
0.0 1.3525717804441229e-05 0.10577841848134995
0.24125193059444427 7.826864020898938e-06 0.0
0.5133316516876221 2.598924947960768e-05 0.0
0.75 -1.8912785890279338e-05 0.0
0.75 3.7575930036837235e-05 0.0
0.75 9.27553355722921e-06 0.0
0.6520440578460693 -7.525699766119942e-05 0.0
0.3599282503128052 2.8591604859684594e-05 0.0
0.0 -6.125068466644734e-06 0.055090706795454025
0.0 -2.838337422872428e-05 0.16114994883537292
0.0 -1.979904936888488e-06 0.10573746263980865
0.2412760704755783 2.7739130018744618e-05 0.0
0.5133076906204224 2.5489591280347668e-05 0.0
0.75 -4.52441927336622e-05 0.0
0.75 2.4624105208204128e-05 0.0
0.75 4.798824375029653e-05 0.0
0.6520406603813171 -5.4294847359415144e-05 0.0
0.35990405082702637 2.910194098149077e-06 0.0
0.0 3.3754502055671765e-06 0.05509084463119507
0.0 -3.7543893995461985e-05 0.16118454933166504
0.0 2.895895079291222e-07 0.10580664128065109
0.2412341833114624 4.034068115288392e-05 0.0
0.5132657289505005 -7.149961220420664e-06 0.0
0.75 9.660328942118213e-06 0.0
0.75 4.0479433664586395e-05 0.0
0.75 -6.250246951822191e-05 0.0
0.6521438360214233 2.4346518330276012e-05 0.0
0.3600037097930908 2.6385614546597935e-05 0.0
0.0 -3.766122608794831e-05 0.05504603311419487
0.0 -4.1147988667944446e-05 0.16127359867095947
0.0 3.501023456919938e-05 0.10592673718929291
0.24107246100902557 1.162777334684506e-05 0.0
0.513152003288269 -9.234505341737531e-06 0.0
0.75 2.4508774004061706e-05 0.0
0.75 4.1949580918299034e-05 0.0
0.75 -5.565715400734916e-05 0.0
0.6522563099861145 2.503830910427496e-05 0.0
0.3601128160953522 1.5774141502333805e-05 0.0
0.0 -3.6705027014249936e-05 0.054971154779195786
0.0 -4.0370818169321865e-05 0.16132912039756775
0.0 2.492497515049763e-05 0.1060405969619751
0.24098972976207733 3.291137909400277e-05 0.0
0.5130417346954346 -3.110318357357755e-05 0.0
0.75 9.935652087733615e-06 0.0
0.75 3.092240513069555e-05 0.0
0.75 -1.8825539882527664e-05 0.0
0.6522344350814819 3.5849949199473485e-05 0.0
0.36013534665107727 -1.1118536349385977e-05 0.0
0.0 -3.88951702916529e-05 0.0549314022064209
0.0 -3.341479896334931e-05 0.16125471889972687
0.0 4.370218812255189e-05 0.10601739585399628
0.24100282788276672 2.1429868013456144e-07 0.0
0.5130208730697632 -2.2045065634301864e-05 0.0
0.75 3.804328298429027e-05 0.0
0.75 4.4622378482017666e-05 0.0
0.75 -7.000418554525822e-05 0.0
0.6522764563560486 1.3757643500866834e-05 0.0
0.3601877689361572 5.1142600568709895e-05 0.0
0.0 -3.702780668390915e-05 0.054889533668756485
0.0 -6.49391658953391e-05 0.16132991015911102
0.0 2.1485901015694253e-05 0.1060892641544342
0.24094454944133759 4.7347581130452454e-05 0.0
0.5129795074462891 -4.2687574023148045e-05 0.0
0.75 2.048512214969378e-05 0.0
0.75 9.195849088428076e-06 0.0
0.75 3.329637911519967e-05 0.0
0.6522617340087891 -2.8067966923117638e-05 0.0
0.3601972162723541 -1.8355283827986568e-05 0.0
0.0 2.6369916668045335e-05 0.054876506328582764
0.0 -4.8776597395772114e-05 0.16129285097122192
0.0 -4.739591986435698e-06 0.10604850202798843
0.24093060195446014 4.458497278392315e-05 0.0
0.512931227684021 -1.758677353791427e-05 0.0
0.75 2.2256414013099857e-05 0.0
0.75 -5.88540751778055e-06 0.0
0.75 3.428856507525779e-05 0.0
0.6523171067237854 -2.625851266202517e-05 0.0
0.3602699041366577 -2.9663102395716123e-05 0.0
0.0 3.923134136130102e-05 0.05484148487448692
0.0 -4.97065884701442e-05 0.16135425865650177
0.0 -5.420169145509135e-06 0.1061721071600914
0.2408239245414734 4.489151979214512e-05 0.0
0.5129138827323914 -1.751124727888964e-05 0.0
0.75 -1.7179130509248353e-06 0.0
0.75 1.8199358237325214e-05 0.0
0.75 3.767010275623761e-05 0.0
0.6523751616477966 -3.982380439992994e-05 0.0
0.3603211045265198 -3.085616845055483e-05 0.0
0.0 2.977487565658521e-05 0.05481090396642685
0.0 -1.7009308066917583e-05 0.16133373975753784
0.0 -2.6971909392159432e-05 0.10621674358844757
0.2408483773469925 2.9506963983294554e-05 0.0
0.5128627419471741 3.079734233324416e-05 0.0
0.75 -6.990841211518273e-05 0.0
0.75 1.998098196054343e-05 0.0
0.75 4.316065678722225e-05 0.0
0.6522814035415649 -7.446033578162314e-06 0.0
0.3602268695831299 -4.622431515599601e-05 0.0
0.0 9.135558684647549e-06 0.054867517203092575
0.0 1.3932798538007773e-05 0.16123560070991516
0.0 -3.681138332467526e-05 0.10603920370340347
0.24097128212451935 2.5723313228809275e-05 0.0
0.5129929780960083 3.109995668637566e-05 0.0
0.75 -1.6948026313912123e-05 0.0
0.75 3.134974394924939e-05 0.0
0.75 4.1324954509036615e-05 0.0
0.6522349119186401 -3.9839149394538254e-05 0.0
0.3601771593093872 -2.988580490637105e-05 0.0
0.0 1.876064379757736e-05 0.05490007996559143
0.0 -1.6815418348414823e-05 0.16125476360321045
0.0 -2.557227708166465e-05 0.10602089017629623
0.2409755140542984 3.0929179047234356e-05 0.0
0.5130072236061096 3.229799767723307e-05 0.0
0.75 -6.299873348325491e-05 0.0
0.75 2.085845153487753e-05 0.0
0.75 4.434517177287489e-05 0.0
0.652238130569458 -6.5627359617792536e-06 0.0
0.36017006635665894 -4.617878221324645e-05 0.0
0.0 6.831745849922299e-06 0.05492768809199333
0.0 1.5246238945110235e-05 0.16126170754432678
0.0 -3.6795179767068475e-05 0.10601768642663956
0.24099254608154297 2.9264360819070134e-06 0.0
0.5129933953285217 4.4505970436148345e-05 0.0
0.75 -1.4439057849813253e-05 0.0
0.75 3.161825952702202e-05 0.0
0.75 1.8415541489957832e-05 0.0
0.6522554755210876 -4.210861152387224e-05 0.0
0.36016690731048584 -2.069503352686297e-05 0.0
0.0 4.5959266572026536e-05 0.054961882531642914
0.0 -3.0229253752622753e-05 0.1612926423549652
0.0 -4.123152029933408e-05 0.10601408779621124
0.24100640416145325 4.442599674803205e-05 0.0
0.5130002498626709 2.865144324459834e-06 0.0
0.75 1.919531132443808e-05 0.0
0.75 2.5064957299036905e-05 0.0
0.75 -1.9158003851771355e-05 0.0
0.6522381901741028 -1.749939656292554e-05 0.0
0.36016324162483215 2.1614196157315746e-05 0.0
0.0 -2.9352871933951974e-05 0.05492085963487625
0.0 -3.66504282283131e-05 0.16129933297634125
0.0 3.471875606919639e-05 0.10602085292339325
0.24100278317928314 1.2042418347846251e-05 0.0
0.5130966305732727 -6.620126077905297e-05 0.0
0.75 2.9956328944535926e-05 0.0
0.75 2.8667836886597797e-05 0.0
0.75 3.539081080816686e-05 0.0
0.652207612991333 -4.7208304749801755e-05 0.0
0.36012929677963257 -1.2755844181810971e-05 0.0
0.0 4.5839606173103675e-05 0.05494454875588417
0.0 -3.1838524591876194e-05 0.16129235923290253
0.0 -4.2346615373389795e-05 0.106006920337677
0.2409791499376297 4.634801371139474e-05 0.0
0.5130484104156494 2.9769112188660074e-06 0.0
0.75 9.269299880543258e-06 0.0
0.75 3.629686761996709e-05 0.0
0.75 -2.965643761854153e-05 0.0
0.6522557139396667 3.1083367503015324e-05 0.0
0.36023572087287903 -3.728215961018577e-05 0.0
0.0 -2.6385956516605802e-05 0.05487548187375069
0.0 0.00011871158494614065 0.1621926724910736
0.0 0.00014502304838970304 0.10641119629144669
0.2407420575618744 1.0727442713687196e-05 0.0
0.5128628015518188 -9.13001349545084e-06 0.0
0.75 0.0001798173616407439 0.0
0.75 0.00016482139471918344 0.0
0.75 8.981298742583022e-05 0.0
0.6520314812660217 -4.406586958793923e-05 0.0
0.360066294670105 3.669171564979479e-05 0.0
0.0 5.999966379022226e-05 0.054828941822052
0.0 -1.710356809780933e-05 0.16102617979049683
0.0 -2.719593067013193e-05 0.10548466444015503
0.24137957394123077 -5.4556785471504554e-05 0.0
0.5133302807807922 2.4541952370782383e-05 0.0
0.75 0.002950188936665654 0.0
0.75 0.008388904854655266 0.0
0.6950864791870117 0.0019901690538972616 0.0
0.5199909806251526 -0.004808763042092323 0.0
0.011179164052009583 -0.0005293250433169305 0.0
0.0 -0.003349407110363245 0.1554136872291565
0.0 0.0024665852542966604 0.0487864725291729
0.21317480504512787 -0.002673247130587697 0.0
0.5446228384971619 0.001836166251450777 0.0
0.75 -0.0027149333618581295 0.0
0.75 0.002639405196532607 0.0
0.75 -0.002689485903829336 0.0
0.7285656929016113 0.002429631073027849 0.0
0.36401596665382385 -0.0031014152336865664 0.0
0.0 0.0023899725638329983 0.042172521352767944
0.0 -0.0024333333130925894 0.25754624605178833
0.0 0.0024929228238761425 0.15905509889125824
0.12741896510124207 -0.002762312302365899 0.0
0.4653937816619873 0.002143005607649684 0.0
0.75 -0.0026598661206662655 0.0
0.75 0.0026840439531952143 0.0
0.75 -0.002679830649867654 0.0
0.75 0.0025018583983182907 0.0
0.5313931107521057 -0.002835506573319435 0.0
0.1303281933069229 0.0024119296576827765 0.0
0.0 -0.002425689250230789 0.18311038613319397
0.0 0.002477452391758561 0.20061558485031128
0.029646797105669975 -0.002885272726416588 0.0
0.3425661623477936 0.002615703269839287 0.0
0.6943902969360352 -0.002617800608277321 0.0
0.75 0.0026246134657412767 0.0
0.75 -0.0026844926178455353 0.0
0.75 0.0023947476875036955 0.0
0.6783674359321594 -0.0025465365033596754 0.0
0.2897968292236328 0.002455583307892084 0.0
0.0 -0.0024223208893090487 0.10187521576881409
0.0 0.0024333319161087275 0.25190314650535583
0.0 -0.0027369295712560415 0.10048224776983261
0.19589003920555115 0.0026905268896371126 0.0
0.5375171899795532 -0.0026856621261686087 0.0
0.75 0.002583028981462121 0.0
0.75 -0.002677076729014516 0.0
0.75 0.0025074004661291838 0.0
0.75 -0.002574843354523182 0.0
0.41921496391296387 0.0024505648761987686 0.0
0.00219814688898623 -0.0024362546391785145 0.0
0.0 0.0024354192428290844 0.2643107771873474
0.0 -0.00264601013623178 0.21090400218963623
0.07359521836042404 0.0026727928780019283 0.0
0.4135146141052246 -0.0026322740595787764 0.0
0.75 0.002596551552414894 0.0
0.75 -0.00267299497500062 0.0
0.75 0.002607608214020729 0.0
0.75 -0.0025924404617398977 0.0
0.6489673852920532 0.00248476630076766 0.0
0.25258710980415344 -0.002430451801046729 0.0
0.0 0.002367523266002536 0.12605029344558716
0.0 -0.0024955524131655693 0.24488593637943268
0.0 0.002591031603515148 0.07118379324674606
0.22909297049045563 -0.0026722836773842573 0.0
0.5758444666862488 0.0026677974965423346 0.0
0.75 -0.002589391777291894 0.0
0.75 0.002645606640726328 0.0
0.75 -0.002637118799611926 0.0
0.75 0.0025224238634109497 0.0
0.38134557008743286 -0.0024024723097682 0.0
0.0 0.0023798285983502865 0.04398898035287857
0.0 -0.00242592697031796 0.2805210053920746
0.0 0.0025668477173894644 0.19459590315818787
0.09554757177829742 -0.0027093817479908466 0.0
0.4363563060760498 0.0026158257387578487 0.0
0.75 -0.0026200665161013603 0.0
0.75 0.002667234744876623 0.0
0.75 -0.002648876281455159 0.0
0.75 0.0025820850860327482 0.0
0.6038541793823242 -0.0024799699895083904 0.0
0.2056320756673813 0.0023990338668227196 0.0
0.0 -0.002410288667306304 0.1474941521883011
0.0 0.0024862110149115324 0.22488974034786224
0.0 -0.0025722968857735395 0.026781024411320686
0.2772970497608185 0.0026422429364174604 0.0
0.6317874789237976 -0.0026189873460680246 0.0
0.75 0.0026447249110788107 0.0
0.75 -0.0026672515086829662 0.0
0.75 0.002630828646942973 0.0
0.7304257154464722 -0.0024988409131765366 0.0
0.3478121757507324 0.00240083085373044 0.0
0.0 -0.0023960741236805916 0.07259668409824371
0.0 0.002449197228997946 0.27881404757499695
0.0 -0.00256982259452343 0.1673639416694641
0.12574344873428345 0.002724803052842617 0.0
0.46629470586776733 -0.0026556903030723333 0.0
0.75 0.0026112468913197517 0.0
0.75 -0.002635660581290722 0.0
0.75 0.002666825894266367 0.0
0.75 -0.0025580739602446556 0.0
0.5414912104606628 0.0024643549695611 0.0
0.1407155841588974 -0.0024002741556614637 0.0
0.0 0.002424453152343631 0.1779182106256485
0.0 -0.0025006996002048254 0.20331121981143951
0.022699106484651566 0.0026030121371150017 0.0
0.33408695459365845 -0.0026408976409584284 0.0
0.6877447962760925 0.0026168676558882 0.0
0.75 -0.002626133617013693 0.0
0.75 0.0026536472141742706 0.0
0.75 -0.0026124557480216026 0.0
0.6917769908905029 0.002514192368835211 0.0
0.30287492275238037 -0.0024045186582952738 0.0
0.0 0.0023891159798949957 0.09736601263284683
0.0 -0.002455271314829588 0.2605283558368683
0.0 0.0025498569011688232 0.11680980026721954
0.17934869229793549 -0.0026985970325767994 0.0
0.5205641388893127 0.0026646784972399473 0.0
0.75 -0.0025817849673330784 0.0
0.75 0.00265547470189631 0.0
0.75 -0.0026460844092071056 0.0
0.75 0.002552632475271821 0.0
0.44422978162765503 -0.0024263400118798018 0.0
0.03183571249246597 0.0023944012355059385 0.0
0.0 -0.002425665035843849 0.24321992695331573
0.0 0.0025277365930378437 0.20268206298351288
0.06861743330955505 -0.0026522125117480755 0.0
0.4007398784160614 0.002627243986353278 0.0
0.7485794425010681 -0.0025965601671487093 0.0
0.75 0.002643202431499958 0.0
0.75 -0.0026814197190105915 0.0
0.75 0.0025998561177402735 0.0
0.6399378776550293 -0.0024807045701891184 0.0
0.24606963992118835 0.002406553365290165 0.0
0.0 -0.0024081827141344547 0.12557607889175415
0.0 0.002493165200576186 0.23676703870296478
0.0 -0.0025816536508500576 0.060093726962804794
0.2394614815711975 0.0026578474789857864 0.0
0.5871893763542175 -0.0026416750624775887 0.0
0.75 0.0026008181739598513 0.0
0.75 -0.0026568714529275894 0.0
0.75 0.002641210565343499 0.0
0.744670033454895 -0.0025310167111456394 0.0
0.37032458186149597 0.002438722411170602 0.0
0.0 -0.0024115964770317078 0.053376007825136185
0.0 0.002418093616142869 0.27949076890945435
0.0 -0.00257925596088171 0.18532219529151917
0.10535043478012085 0.0027148290537297726 0.0
0.4458215534687042 -0.0026056403294205666 0.0
0.75 0.0026005185209214687 0.0
0.75 -0.0026551387272775173 0.0
0.75 0.0026645720936357975 0.0
0.75 -0.0025602455716580153 0.0
0.5830802321434021 0.002472888445481658 0.0
0.18419049680233002 -0.002415583934634924 0.0
0.0 0.002422716934233904 0.157001793384552
0.0 -0.0024908864870667458 0.21666179597377777
0.0 0.0025703967548906803 0.008195089176297188
0.297999769449234 -0.0026583808939903975 0.0
0.6559578776359558 0.0026126608718186617 0.0
0.75 -0.0026299708988517523 0.0
0.75 0.002670461777597666 0.0
0.75 -0.002598697552457452 0.0
0.7250778079032898 0.0025069143157452345 0.0
0.33805736899375916 -0.0024398649111390114 0.0
0.0 0.0023912538308650255 0.08186180889606476
0.0 -0.002422457095235586 0.280322790145874
0.0 0.0025527095422148705 0.16131550073623657
0.13354210555553436 -0.002699929988011718 0.0
0.47471290826797485 0.0026020193472504616 0.0
0.75 -0.002604796551167965 0.0
0.75 0.002659289399161935 0.0
0.75 -0.002634397242218256 0.0
0.75 0.0025494040455669165 0.0
0.5277022123336792 -0.0024698444176465273 0.0
0.1251838505268097 0.002406178740784526 0.0
0.0 -0.002416043309494853 0.18727755546569824
0.0 0.0024925798643380404 0.20214727520942688
0.030535828322172165 -0.0026465884875506163 0.0
0.344840407371521 0.0026511948090046644 0.0
0.697054386138916 -0.002595381112769246 0.0
0.75 0.0026439165230840445 0.0
0.75 -0.00266018183901906 0.0
0.75 0.0025837074499577284 0.0
0.6797662377357483 -0.00250298622995615 0.0
0.2906278669834137 0.0024320899974554777 0.0
0.0 -0.002386567648500204 0.10234324634075165
0.0 0.0024432302452623844 0.2535039186477661
0.0 -0.0025808210484683514 0.1024753674864769
0.1940760612487793 0.002710245084017515 0.0
0.5357250571250916 -0.0026773172430694103 0.0
0.75 0.0026043944526463747 0.0
0.75 -0.0026383078657090664 0.0
0.75 0.002616461366415024 0.0
0.75 -0.002540897112339735 0.0
0.42220839858055115 0.002448013052344322 0.0
0.005717959254980087 -0.0023851897567510605 0.0
0.0 0.0024214095901697874 0.26182571053504944
0.0 -0.002568666124716401 0.2099725306034088
0.07298004627227783 0.002693168120458722 0.0
0.4120047390460968 -0.0026294165290892124 0.0
0.75 0.00261684344150126 0.0
0.75 -0.00264824484474957 0.0
0.75 0.00265284301713109 0.0
0.75 -0.0025914430152624846 0.0
0.6479865312576294 0.002505833050236106 0.0
0.251870721578598 -0.0024157860316336155 0.0
0.0 0.0023889574222266674 0.12599016726016998
0.0 -0.002493630861863494 0.24396729469299316
0.0 0.0025920490734279156 0.06988617777824402
0.2302430421113968 -0.002670197281986475 0.0
0.5770084857940674 0.002669865731149912 0.0
0.75 -0.002575182355940342 0.0
0.75 0.00264129601418972 0.0
0.75 -0.0026261690072715282 0.0
0.75 0.0025346374604851007 0.0
0.3798729181289673 -0.002401944948360324 0.0
0.0 0.0023816018365323544 0.04572368040680885
0.0 -0.0024140281602740288 0.2810783386230469
0.0 0.0025679778773337603 0.19405661523342133
0.0963159129023552 -0.002710501430556178 0.0
0.4371546506881714 0.0026175868697464466 0.0
0.75 -0.0026104093994945288 0.0
0.75 0.0026690736413002014 0.0
0.75 -0.0026486488059163094 0.0
0.75 0.0025717471726238728 0.0
0.6024506688117981 -0.002453860826790333 0.0
0.20412959158420563 0.0023946743458509445 0.0
0.0 -0.0024120102170854807 0.14819717407226562
0.0 0.0024884811136871576 0.22431883215904236
0.0 -0.0025699101388454437 0.02535024844110012
0.2787708044052124 0.002641978906467557 0.0
0.6335318088531494 -0.002654244191944599 0.0
0.75 0.0026349492836743593 0.0
0.75 -0.002642548643052578 0.0
0.75 0.0026311331894248724 0.0
0.7301128506660461 -0.002514338819310069 0.0
0.3471374809741974 0.0024118393193930387 0.0
0.0 -0.002395320450887084 0.07324386388063431
0.0 0.002426589373499155 0.278989315032959
0.0 -0.0025594537146389484 0.16706469655036926
0.12620821595191956 0.0027135091368108988 0.0
0.46686306595802307 -0.0026328996755182743 0.0
0.75 0.002612041775137186 0.0
0.75 -0.0026606328319758177 0.0
0.75 0.0026653858367353678 0.0
0.75 -0.0025431099347770214 0.0
0.5408318638801575 0.0024457040708512068 0.0
0.13986022770404816 -0.002403851132839918 0.0
0.0 0.0024250983260571957 0.1784312129020691
0.0 -0.002478641690686345 0.20324786007404327
0.023040160536766052 0.0026023180689662695 0.0
0.3346030116081238 -0.0026551352348178625 0.0
0.688198983669281 0.0026265690103173256 0.0
0.75 -0.002624879125505686 0.0
0.75 0.002665676409378648 0.0
0.75 -0.0025796759873628616 0.0
0.6913262605667114 0.0024808398447930813 0.0
0.3024011552333832 -0.0024067109916359186 0.0
0.0 0.002394102280959487 0.09757819026708603
0.0 -0.002466028556227684 0.2602525055408478
0.0 0.0025634344201534986 0.11622090637683868
0.17991703748703003 -0.0027188460808247328 0.0
0.5211465954780579 0.0026634822133928537 0.0
0.75 -0.00258129951544106 0.0
0.75 0.002666715532541275 0.0
0.75 -0.0026656847912818193 0.0
0.75 0.0025601773522794247 0.0
0.4432588815689087 -0.002425817074254155 0.0
0.030701076611876488 0.0023929844610393047 0.0
0.0 -0.0024272059090435505 0.2439553141593933
0.0 0.002531817415729165 0.20287013053894043
0.06887498497962952 -0.0026543173007667065 0.0
0.40122029185295105 0.002625830937176943 0.0
0.7490876317024231 -0.0025988209526985884 0.0
0.75 0.0026547082234174013 0.0
0.75 -0.002658654935657978 0.0
0.75 0.0025901065673679113 0.0
0.6400275826454163 -0.002482157899066806 0.0
0.24605576694011688 0.002409439068287611 0.0
0.0 -0.0023983789142221212 0.12570177018642426
0.0 0.0024742737878113985 0.23693042993545532
0.0 -0.002593729877844453 0.06024090573191643
0.2393745481967926 0.0026708669029176235 0.0
0.5870699882507324 -0.002653289120644331 0.0
0.75 0.002611558185890317 0.0
0.75 -0.0026556497905403376 0.0
0.75 0.0026285264175385237 0.0
0.7447194457054138 -0.002520873211324215 0.0
0.3703637421131134 0.002427554689347744 0.0
0.0 -0.002399162156507373 0.05332253873348236
0.0 0.0024185548536479473 0.27946093678474426
0.0 -0.002568660769611597 0.18526779115200043
0.10528816282749176 0.002714818809181452 0.0
0.44576629996299744 -0.002619316801428795 0.0
0.75 0.002612312091514468 0.0
0.75 -0.002664062660187483 0.0
0.75 0.002675039693713188 0.0
0.75 -0.002559550106525421 0.0
0.5831802487373352 0.002473057946190238 0.0
0.1843525916337967 -0.0024264873936772346 0.0
0.0 0.002422714838758111 0.15690132975578308
0.0 -0.002500723348930478 0.21669195592403412
0.0 0.0025710933841764927 0.008338809944689274
0.2978387176990509 -0.0026347769889980555 0.0
0.6558343768119812 0.0026019851211458445 0.0
0.75 -0.0026326931547373533 0.0
0.75 0.0026827824767678976 0.0
0.75 -0.0025980586651712656 0.0
0.7251977324485779 0.0025059205945581198 0.0
0.33821502327919006 -0.00243007717654109 0.0
0.0 0.0023924747947603464 0.0817728191614151
0.0 -0.0024447606410831213 0.28038501739501953
0.0 0.002553729573264718 0.16150137782096863
0.1333906501531601 -0.002697400748729706 0.0
0.47457510232925415 0.0025944814551621675 0.0
0.75 -0.002606983296573162 0.0
0.75 0.0026810304261744022 0.0
0.75 -0.0026359206531196833 0.0
0.75 0.0025349543429911137 0.0
0.5279770493507385 -0.0024586354847997427 0.0
0.12550723552703857 0.0024078793358057737 0.0
0.0 -0.0024280601646751165 0.18709780275821686
0.0 0.0025049385149031878 0.2022419273853302
0.030355233699083328 -0.002637217752635479 0.0
0.3445771634578705 0.002650677226483822 0.0
0.6968698501586914 -0.0025965271051973104 0.0
0.75 0.002645199652761221 0.0
0.75 -0.0026724576018750668 0.0
0.75 0.0025972919538617134 0.0
0.6801174283027649 -0.0025160128716379404 0.0
0.29095855355262756 0.0024423468858003616 0.0
0.0 -0.0023856782354414463 0.1022738516330719
0.0 0.0024555837735533714 0.2537403404712677
0.0 -0.002617033664137125 0.10288418084383011
0.19365671277046204 0.002700202399864793 0.0
0.5353327989578247 -0.0026635737158358097 0.0
0.75 0.0025932653807103634 0.0
0.75 -0.0026419139467179775 0.0
0.75 0.0026308593805879354 0.0
0.75 -0.002543223788961768 0.0
0.4228769540786743 0.002446030266582966 0.0
0.006505100056529045 -0.0023861939553171396 0.0
0.0 0.002421824261546135 0.2613045275211334
0.0 -0.002567798364907503 0.20973120629787445
0.07284092903137207 0.0027022783178836107 0.0
0.41162872314453125 -0.0026295636780560017 0.0
0.75 0.0026045802515000105 0.0
0.75 -0.0026364936493337154 0.0
0.75 0.0026337462477385998 0.0
0.75 -0.002583541441708803 0.0
0.6477134823799133 0.0025179730728268623 0.0
0.2516603171825409 -0.0024173534475266933 0.0
0.0 0.0023865331895649433 0.12596824765205383
0.0 -0.002493069041520357 0.2437325268983841
0.0 0.0025934430304914713 0.06961601227521896
0.23052170872688293 -0.0026700536254793406 0.0
0.5774025321006775 0.0026698948349803686 0.0
0.75 -0.002576017053797841 0.0
0.75 0.002651092130690813 0.0
0.75 -0.0026360994670540094 0.0
0.75 0.0025457781739532948 0.0
0.3796568512916565 -0.002400863217189908 0.0
0.0 0.002378878416493535 0.04602288082242012
0.0 -0.0024346220307052135 0.2811793386936188
0.0 0.0025695725344121456 0.193972647190094
0.09635469317436218 -0.002685604616999626 0.0
0.43728891015052795 0.0026070470921695232 0.0
0.75 -0.0026239072903990746 0.0
0.75 0.0026800602208822966 0.0
0.75 -0.0026460965164005756 0.0
0.75 0.002571991877630353 0.0
0.6024648547172546 -0.0024665435776114464 0.0
0.20415839552879333 0.0023967523593455553 0.0
0.0 -0.0024112521205097437 0.14818522334098816
0.0 0.0024881509598344564 0.2243070900440216
0.0 -0.0025706435553729534 0.02537296712398529
0.278737336397171 0.002642280887812376 0.0
0.6335461735725403 -0.0026329923421144485 0.0
0.75 0.0026364715304225683 0.0
0.75 -0.0026549084577709436 0.0
0.75 0.0026201645378023386 0.0
0.7301024794578552 -0.002500987146049738 0.0
0.3471682369709015 0.002391842659562826 0.0
0.0 -0.0023869993165135384 0.0732748880982399
0.0 0.002439576666802168 0.2789551615715027
0.0 -0.0025619743391871452 0.167030468583107
0.12629085779190063 0.0027123973704874516 0.0
0.4668770134449005 -0.0026442755479365587 0.0
0.75 0.0026234074030071497 0.0
0.75 -0.00263650412671268 0.0
0.75 0.002653825795277953 0.0
0.75 -0.0025458557065576315 0.0
0.5404828190803528 0.0024546862114220858 0.0
0.1395653486251831 -0.0024019936099648476 0.0
0.0 0.0024271258153021336 0.17863042652606964
0.0 -0.002500745700672269 0.20316210389137268
0.0232809167355299 0.002615635981783271 0.0
0.3349027633666992 -0.002650878857821226 0.0
0.6884790658950806 0.002615136792883277 0.0
0.75 -0.002626524306833744 0.0
0.75 0.0026773521676659584 0.0
0.75 -0.0025798690039664507 0.0
0.690917432308197 0.0024761909153312445 0.0
0.301981657743454 -0.0024177732411772013 0.0
0.0 0.0023953011259436607 0.09772287309169769
0.0 -0.0024653179571032524 0.26002949476242065
0.0 0.002551322802901268 0.11571915447711945
0.18050195276737213 -0.0026975744403898716 0.0
0.5217390656471252 0.002665290143340826 0.0
0.75 -0.002583128400146961 0.0
0.75 0.002668804256245494 0.0
0.75 -0.0026578702963888645 0.0
0.75 0.0025616344064474106 0.0
0.4423079788684845 -0.0024253225419670343 0.0
0.02962438575923443 0.0023949709720909595 0.0
0.0 -0.002437297021970153 0.24476692080497742
0.0 0.0025202615652233362 0.20318926870822906
0.06904924660921097 -0.0026533519849181175 0.0
0.4017549157142639 0.0026274556294083595 0.0
0.7497327327728271 -0.002599054714664817 0.0
0.75 0.0026537179946899414 0.0
0.75 -0.0026700852904468775 0.0
0.75 0.0026099751703441143 0.0
0.640504777431488 -0.0024812372867017984 0.0
0.24643714725971222 0.002407736610621214 0.0
0.0 -0.0023851459845900536 0.12564793229103088
0.0 0.0024485986214131117 0.2373609095811844
0.0 -0.0025835561100393534 0.06086565926671028
0.2388569712638855 0.0026644004974514246 0.0
0.5864977836608887 -0.002642356790602207 0.0
0.75 0.0026130247861146927 0.0
0.75 -0.0026595634408295155 0.0
0.75 0.002629451686516404 0.0
0.7451199889183044 -0.002519977744668722 0.0
0.3708297908306122 0.0024171157274395227 0.0
0.0 -0.0024091224186122417 0.053027499467134476
0.0 0.0024201187770813704 0.2797354459762573
0.0 -0.0025804266333580017 0.1859130561351776
0.10474925488233566 0.00272369128651917 0.0
0.44524815678596497 -0.002619396662339568 0.0
0.75 0.0026019401848316193 0.0
0.75 -0.0026554784271866083 0.0
0.75 0.002664366504177451 0.0
0.75 -0.0025622041430324316 0.0
0.5843907594680786 0.0024855223018676043 0.0
0.1855791211128235 -0.002425768645480275 0.0
0.0 0.0024204999208450317 0.156362846493721
0.0 -0.002492098370566964 0.21716926991939545
0.0 0.0025715406518429518 0.00934607069939375
0.29670971632003784 -0.0026595545932650566 0.0
0.6545071005821228 0.0026073961053043604 0.0
0.75 -0.002631271490827203 0.0
0.75 0.002670425223186612 0.0
0.75 -0.002601071260869503 0.0
0.725431501865387 0.002493087202310562 0.0
0.3386806547641754 -0.0024130025412887335 0.0
0.0 0.002391104120761156 0.08126281201839447
0.0 -0.0024269947316497564 0.280292272567749
0.0 0.00255252025090158 0.16179831326007843
0.13300290703773499 -0.002724665217101574 0.0
0.4741724729537964 0.002631663577631116 0.0
0.75 -0.002603722270578146 0.0
0.75 0.0026567878667265177 0.0
0.75 -0.002636570483446121 0.0
0.75 0.002550465287640691 0.0
0.528730571269989 -0.002456703456118703 0.0
0.12636807560920715 0.0024060567375272512 0.0
0.0 -0.0024167820811271667 0.1865895539522171
0.0 0.002493478823453188 0.2021963745355606
0.029964784160256386 -0.002635545562952757 0.0
0.3439939022064209 0.002641973551362753 0.0
0.6963307857513428 -0.0025967087130993605 0.0
0.75 0.002656671218574047 0.0
0.75 -0.002673565875738859 0.0
0.75 0.002583795227110386 0.0
0.6804401874542236 -0.002501622773706913 0.0
0.2913486361503601 0.0024323705583810806 0.0
0.0 -0.002387538319453597 0.1020457074046135
0.0 0.0024435268715023994 0.2538353502750397
0.0 -0.0025704866275191307 0.10322262346744537
0.1933290809392929 0.0027022394351661205 0.0
0.5349470973014832 -0.0026892749592661858 0.0
0.75 0.0026047457940876484 0.0
0.75 -0.0026395374443382025 0.0
0.75 0.002610256662592292 0.0
0.75 -0.002543569076806307 0.0
0.42326679825782776 0.002458661561831832 0.0
0.006960735190659761 -0.0023992955684661865 0.0
0.0 0.002419592346996069 0.26092320680618286
0.0 -0.0025527984835207462 0.2095855176448822
0.07280531525611877 0.0026913126930594444 0.0
0.41146326065063477 -0.002621122868731618 0.0
0.75 0.0026058375369757414 0.0
0.75 -0.0026502436958253384 0.0
0.75 0.0026677411515265703 0.0
0.75 -0.002581897424533963 0.0
0.647465169429779 0.002493901876732707 0.0
0.2514447867870331 -0.0024053293745964766 0.0
0.0 0.0023908589500933886 0.1260511428117752
0.0 -0.002505361568182707 0.24361294507980347
0.0 0.0025922672357410192 0.0693342536687851
0.23082874715328217 -0.0026579394470900297 0.0
0.5777797698974609 0.0026586519088596106 0.0
0.75 -0.0025785008911043406 0.0
0.75 0.002654347335919738 0.0
0.75 -0.0026260591112077236 0.0
0.75 0.0025455316063016653 0.0
0.3792976140975952 -0.002401972422376275 0.0
0.0 0.002378102857619524 0.046444736421108246
0.0 -0.002433462766930461 0.2813616394996643
0.0 0.002570630284026265 0.1938532292842865
0.09644607454538345 -0.002687213709577918 0.0
0.312883585691452 0.0010032736463472247 0.0
0.75 -0.004039205610752106 0.0
0.75 -0.002453562105074525 0.0
0.75 -0.004701262805610895 0.0
0.7441485524177551 -0.0025170505978167057 0.0
0.6338587999343872 -0.0044577219523489475 0.0
0.0 -0.002615430159494281 0.033476218581199646
0.0 -0.004001440946012735 0.18773628771305084
0.0 -0.002239443361759186 0.30000001192092896
0.051592130213975906 -0.0051283868961036205 0.0
0.13939833641052246 -0.0031963796354830265 0.0
0.75 -0.0058815972879529 0.0
0.75 -0.0030680408235639334 0.0
0.75 -0.00552345858886838 0.0
0.75 -0.0035251397639513016 0.0
0.75 -0.005599457770586014 0.0
0.40386515855789185 -0.0038331227842718363 0.0
0.18363364040851593 -0.0046687982976436615 0.0
0.0 -0.0024677496403455734 0.30000001192092896
0.0 -0.00504433736205101 0.03171157091856003
0.0 -0.0033179798629134893 0.03310457244515419
0.5782861709594727 -0.006302081514149904 0.0
0.7188356518745422 -0.0032363617792725563 0.0
0.75 -0.005505910608917475 0.0
0.75 -0.003566022263839841 0.0
0.75 -0.00589700136333704 0.0
0.69661545753479 -0.004245877731591463 0.0
0.49224984645843506 -0.004994519054889679 0.0
0.0 -0.00252993474714458 0.17751102149486542
0.0 -0.004632092546671629 0.19241319596767426
0.0 -0.0037373192608356476 0.30000001192092896
0.22683879733085632 -0.005732969380915165 0.0
0.33672991394996643 -0.0034500809852033854 0.0
0.75 -0.005643655080348253 0.0
0.75 -0.003467975649982691 0.0
0.75 -0.005830259062349796 0.0
0.6337749361991882 -0.004373618867248297 0.0
0.5298524498939514 -0.005253581330180168 0.0
0.0 -0.002797906519845128 0.061983734369277954
0.0 -0.0048457863740623 0.07479944825172424
0.0 -0.0038117128424346447 0.2862773835659027
0.2671780288219452 -0.005626269616186619 0.0
0.3718659281730652 -0.0033967159688472748 0.0
0.75 -0.005676784552633762 0.0
0.75 -0.0035013011656701565 0.0
0.75 -0.006655088160187006 0.0
0.5630583167076111 -0.0034785927273333073 0.0
0.44964542984962463 -0.005104362033307552 0.0
0.0 -0.002895715180784464 0.10141494125127792
0.0 -0.005001835525035858 0.01904446817934513
0.0 -0.0039573656395077705 0.18812845647335052
0.3755815029144287 -0.0056146965362131596 0.0
0.4813021421432495 -0.003318256698548794 0.0
0.75 -0.005668072961270809 0.0
0.75 -0.0035546720027923584 0.0
0.75 -0.0066838315688073635 0.0
0.48472729325294495 -0.003366455202922225 0.0
0.3345901668071747 -0.004937686957418919 0.0
0.0 -0.0028212829492986202 0.18272417783737183
0.009505423717200756 -0.005111432168632746 0.0
0.0 -0.004121511243283749 0.08837661147117615
0.4913088083267212 -0.005650985520333052 0.0
0.6068772673606873 -0.0032469581346958876 0.0
0.75 -0.005643663462251425 0.0
0.75 -0.003582349745556712 0.0
0.75 -0.006700212135910988 0.0
0.5290293097496033 -0.003371478756889701 0.0
0.3532240092754364 -0.004872842691838741 0.0
0.0 -0.0027734192553907633 0.19898425042629242
0.0 -0.0057862610556185246 0.04069294407963753
0.0 -0.0032124221324920654 0.14428208768367767
0.4481688141822815 -0.005576515570282936 0.0
0.5667616724967957 -0.003371169790625572 0.0
0.75 -0.005699376109987497 0.0
0.75 -0.003506310051307082 0.0
0.75 -0.006700235418975353 0.0
0.5059052109718323 -0.003360183211043477 0.0
0.33648261427879333 -0.004865848924964666 0.0
0.0 -0.002768827136605978 0.1997913271188736
0.0 -0.005836108699440956 0.020588751882314682
0.0 -0.003262230893597007 0.11600489169359207
0.47385382652282715 -0.005559124983847141 0.0
0.5928399562835693 -0.003328974824398756 0.0
0.75 -0.005659549031406641 0.0
0.75 -0.0043690805323421955 0.0
0.75 -0.005851765628904104 0.0
0.5209119915962219 -0.0032870101276785135 0.0
0.3471583127975464 -0.004988492466509342 0.0
0.0 -0.0027765072882175446 0.1996311992406845
0.0 -0.005829989910125732 0.0338873453438282
0.0 -0.003221899503841996 0.1343691051006317
0.45723989605903625 -0.005550713278353214 0.0
0.5759879350662231 -0.003355809021741152 0.0
0.75 -0.0056584118865430355 0.0
0.75 -0.004380149766802788 0.0
0.75 -0.0058310627937316895 0.0
0.5107269287109375 -0.0032912874594330788 0.0
0.33966949582099915 -0.00498673552647233 0.0
0.0 -0.002778763649985194 0.2000434696674347
0.0 -0.005857943557202816 0.02504158206284046
0.0 -0.0032130831386893988 0.12192588299512863
0.4685657024383545 -0.005562450736761093 0.0
0.5875293612480164 -0.003325198544189334 0.0
0.75 -0.005657199304550886 0.0
0.75 -0.004402562510222197 0.0
0.75 -0.005827942863106728 0.0
0.5177584290504456 -0.0032963850535452366 0.0
0.34483596682548523 -0.004980417434126139 0.0
0.0 -0.0035737636499106884 0.19971387088298798
0.0 -0.005014906171709299 0.031068943440914154
0.0 -0.0031667205039411783 0.1305738389492035
0.46073058247566223 -0.005666973534971476 0.0
0.5795881152153015 -0.003391065401956439 0.0
0.75 -0.005629305727779865 0.0
0.75 -0.0044058626517653465 0.0
0.75 -0.005810189060866833 0.0
0.512898325920105 -0.003301561577245593 0.0
0.34125256538391113 -0.005001956596970558 0.0
0.0 -0.00358582753688097 0.199946790933609
0.0 -0.005010578781366348 0.026860330253839493
0.0 -0.0031604941468685865 0.12460126727819443
0.4661529064178467 -0.00567507091909647 0.0
0.5850751399993896 -0.0033710948191583157 0.0
0.75 -0.006468998733907938 0.0
0.75 -0.0035296103451400995 0.0
0.75 -0.005741920322179794 0.0
0.5162893533706665 -0.0033914586529135704 0.0
0.34375879168510437 -0.0050016432069242 0.0
0.0 -0.0035974851343780756 0.1997782438993454
0.0 -0.004583773203194141 0.030523747205734253
0.0 -0.0030482898000627756 0.12901121377944946
0.4626300632953644 -0.005656915251165628 0.0
0.58180171251297 -0.0033444445580244064 0.0
0.75 -0.006443002726882696 0.0
0.75 -0.0035052201710641384 0.0
0.75 -0.005710605997592211 0.0
0.5145494341850281 -0.003366681281477213 0.0
0.34254536032676697 -0.004993066657334566 0.0
0.0 -0.00361821916885674 0.19975551962852478
0.0 -0.004962622188031673 0.028246380388736725
0.0 -0.0031724015716463327 0.12661448121070862
0.46430525183677673 -0.005656607449054718 0.0
0.5832346677780151 -0.0033641222398728132 0.0
0.75 -0.006490408908575773 0.0
0.75 -0.0035150472540408373 0.0
0.75 -0.005757483188062906 0.0
0.5151223540306091 -0.003380135865882039 0.0
0.3428505063056946 -0.0050131832249462605 0.0
0.0 -0.003620303235948086 0.19987662136554718
0.0 -0.0049787783063948154 0.028810838237404823
0.0 -0.0031679284293204546 0.12732066214084625
0.4636583924293518 -0.00567201990634203 0.0
0.5826067328453064 -0.003356975968927145 0.0
0.75 -0.006671082694083452 0.0
0.75 -0.003542449092492461 0.0
0.75 -0.005734133534133434 0.0
0.514816403388977 -0.003406630828976631 0.0
0.3426642417907715 -0.005026130471378565 0.0
0.0 -0.0027618634048849344 0.1998705118894577
0.0 -0.021197352558374405 0.028557520359754562
0.0 -0.0027365947607904673 0.12344305217266083
0.4659211039543152 -0.0038340664468705654 0.0
0.5842920541763306 -0.0038192791398614645 0.0
0.75 -0.006741724908351898 0.0
0.75 -0.047099679708480835 0.0
0.75 -0.0070633431896567345 0.0
0.5267213582992554 -0.000753941887523979 0.0
0.3533640503883362 -0.0074388934299349785 0.0
0.0 -0.006233377382159233 0.19620376825332642
0.0 -0.06998474150896072 0.03656856715679169
0.0 -0.008587410673499107 0.1117502823472023
0.46583664417266846 -0.0021724191028624773 0.0
0.5800696611404419 -0.0068846894428133965 0.0
0.75 -0.011268716305494308 0.0
0.75 -0.0847049206495285 0.0
0.75 -0.014716063626110554 0.0
0.5359864234924316 -0.0006895322003401816 0.0
0.3620126247406006 -0.010515119880437851 0.0
0.0 -0.010457338765263557 0.19261550903320312
0.0 -0.09822718054056168 0.042136143893003464
0.0 -0.016058867797255516 0.10004469752311707
0.4654253125190735 -0.0023926214780658484 0.0
0.5759256482124329 -0.009221513755619526 0.0
0.75 -0.014639517292380333 0.0
0.75 -0.010522192344069481 0.0
0.75 -0.11014440655708313 0.0
0.5523596405982971 -0.01922062784433365 0.0
0.3627428710460663 -0.0016441098414361477 0.0
0.0 -0.009856153279542923 0.19661188125610352
0.0 -0.015301150269806385 0.05188920721411705
0.0 -0.11530114710330963 0.16000476479530334
0.47452980279922485 -0.0247978363186121 0.0
0.6001484990119934 -0.0022011168766766787 0.0
0.75 -0.01335850264877081 0.0
0.75 -0.01474115252494812 0.0
0.75 -0.11474115401506424 0.0
0.5652561187744141 -0.02458709478378296 0.0
0.3688656687736511 -0.005486336536705494 0.0
0.0 -0.012418140657246113 0.20097987353801727
0.0 -0.01745077408850193 0.06657105684280396
0.0 -0.1174507737159729 0.1760178506374359
0.4622654616832733 -0.02827761135995388 0.0
0.5881238579750061 -0.0049475715495646 0.0
0.75 -0.015147940255701542 0.0
0.75 -0.01614753156900406 0.0
0.75 -0.11614753305912018 0.0
0.5582589507102966 -0.026912374421954155 0.0
0.3643369972705841 -0.007244494743645191 0.0
0.0 -0.013546970672905445 0.20044855773448944
0.0 -0.018382292240858078 0.05970852077007294
0.0 -0.1183822900056839 0.16697944700717926
0.47049692273139954 -0.029806649312376976 0.0
0.5962809324264526 -0.006176269147545099 0.0
0.75 -0.015943234786391258 0.0
0.75 -0.016794349998235703 0.0
0.75 -0.016644714400172234 0.0
0.5063045024871826 -0.1166447103023529 0.0
0.36303797364234924 -0.0279980581253767 0.0
0.0 -0.003857620060443878 0.17004358768463135
0.0 -0.015014728531241417 0.015604306012392044
0.0 -0.11501473188400269 0.12921319901943207
0.49339190125465393 -0.03444763645529747 0.0
0.6155003309249878 -0.010432908311486244 0.0
0.75 -0.01782095804810524 0.0
0.75 -0.01791103184223175 0.0
0.75 -0.017769496887922287 0.0
0.5259047150611877 -0.11776949465274811 0.0
0.3811693787574768 -0.028609443455934525 0.0
0.0 -0.0043220543302595615 0.16439446806907654
0.0 -0.015442644245922565 0.030472097918391228
0.0 -0.016592590138316154 0.1536126434803009
0.42976006865501404 -0.11659259349107742 0.0
0.6084967851638794 -0.030717048794031143 0.0
0.75 -0.011473625898361206 0.0
0.75 -0.015872444957494736 0.0
0.75 -0.020282380282878876 0.0
0.4972520172595978 -0.120282381772995 0.0
0.3549354374408722 -0.029449785128235817 0.0
0.0 -0.004727010149508715 0.1733396053314209
0.0 -0.016053982079029083 0.010647344402968884
0.0 -0.01725323125720024 0.1196269765496254
0.46319955587387085 -0.11725322902202606 0.0
0.6436473727226257 -0.03052767738699913 0.0
0.75 -0.011391748674213886 0.0
0.75 -0.015933267772197723 0.0
0.75 -0.020341578871011734 0.0
0.5444843769073486 -0.12034157663583755 0.0
0.39963212609291077 -0.02913731336593628 0.0
0.0 -0.004526881035417318 0.1576870083808899
0.0 -0.015930797904729843 0.04436112567782402
0.0 -0.017127959057688713 0.17723248898983002
0.40597590804100037 -0.11712796241044998 0.0
0.5841023921966553 -0.030251746997237206 0.0
0.75 -0.011130011640489101 0.0
0.75 -0.015699101611971855 0.0
0.75 -0.020176751539111137 0.0
0.47569164633750916 -0.014825020916759968 0.0
0.30259600281715393 -0.11482501775026321 0.0
0.0 -0.028448082506656647 0.15933513641357422
0.029248200356960297 -0.008691590279340744 0.0
0.0 -0.01442097220569849 0.06200422719120979
0.5085650086402893 -0.019370395690202713 0.0
0.6228516697883606 -0.11937039345502853 0.0
0.75 -0.03298112004995346 0.0
0.75 -0.00897185504436493 0.0
0.75 -0.018118789419531822 0.0
0.5917447805404663 -0.018052229657769203 0.0
0.4060038626194 -0.11805222928524017 0.0
0.0 -0.04044242203235626 0.12957763671875
0.0 -0.017423823475837708 0.06023465469479561
0.0 -0.019200531765818596 0.20009875297546387
0.3783309757709503 -0.02312316559255123 0.0
0.49113214015960693 -0.1231231614947319 0.0
0.75 -0.06150674447417259 0.0
0.75 -0.031479205936193466 0.0
0.75 -0.03044474869966507 0.0
0.540282666683197 -0.02707943506538868 0.0
0.3826478123664856 -0.025039196014404297 0.0
0.0 -0.12503919005393982 0.16884662210941315
0.00826848391443491 -0.07391931116580963 0.0
0.0 -0.039731334894895554 0.10623861849308014
0.44735583662986755 -0.03499801829457283 0.0
0.5519158244132996 -0.031035838648676872 0.0
0.75 -0.029633354395627975 0.0
0.75 -0.1296333521604538 0.0
0.75 -0.08789850026369095 0.0
0.5496191382408142 -0.04916639253497124 0.0
0.3711322247982025 -0.040536921471357346 0.0
0.0 -0.03508099541068077 0.18979528546333313
0.0 -0.1350809931755066 0.051528334617614746
0.0 -0.09562482684850693 0.09242479503154755
0.47592079639434814 -0.060105033218860626 0.0
0.5811590552330017 -0.045162834227085114 0.0
0.75 -0.04289299249649048 0.0
0.75 -0.035773977637290955 0.0
0.75 -0.13577397167682648 0.0
0.5554006695747375 -0.09948015958070755 0.0
0.3760620951652527 -0.060704827308654785 0.0
0.0 -0.04469335079193115 0.19104009866714478
0.0 -0.04229218140244484 0.06324054300785065
0.0 -0.14229218661785126 0.17556023597717285
0.4680769145488739 -0.10709121078252792 0.0
0.620490550994873 -0.06484845280647278 0.0
0.75 -0.05215897038578987 0.0
0.75 -0.04491328448057175 0.0
0.75 -0.04153008013963699 0.0
0.510316789150238 -0.1415300816297531 0.0
0.37399399280548096 -0.1049681156873703 0.0
0.0 -0.060518957674503326 0.14058686792850494
0.0 -0.04873643070459366 0.011877892538905144
0.0 -0.04260319098830223 0.13869546353816986
0.4356624484062195 -0.14260318875312805 0.0
0.6268492341041565 -0.10966726392507553 0.0
0.75 -0.07133225351572037 0.0
0.75 -0.05311080813407898 0.0
0.75 -0.04911824315786362 0.0
0.5300434827804565 -0.04042883962392807 0.0
0.34888893365859985 -0.1404288411140442 0.0
0.0 -0.1066514104604721 0.13419494032859802
0.015154164284467697 -0.0663067027926445 0.0
0.0 -0.049205005168914795 0.11107273399829865
0.4486505091190338 -0.04636276140809059 0.0
0.558721125125885 -0.146362766623497 0.0
0.75 -0.11320009082555771 0.0
0.75 -0.06952543556690216 0.0
0.75 -0.05573621764779091 0.0
0.5680601596832275 -0.047310084104537964 0.0
0.38767915964126587 -0.04242553189396858 0.0
0.0 -0.142425537109375 0.18722660839557648
0.0 -0.10928726196289062 0.02158556878566742
0.0 -0.06500024348497391 0.11804255843162537
0.43279555439949036 -0.0519581064581871 0.0
0.5369741320610046 -0.04481232911348343 0.0
0.75 -0.041554804891347885 0.0
0.75 -0.1415548026561737 0.0
0.75 -0.11279626190662384 0.0
0.5642967224121094 -0.06685104221105576 0.0
0.38226768374443054 -0.05235939472913742 0.0
0.0 -0.04459666460752487 0.18795885145664215
0.0 -0.144596666097641 0.06382405757904053
0.0 -0.11340481787919998 0.10470597445964813
0.4700703024864197 -0.07345587015151978 0.0
0.5743035674095154 -0.054277677088975906 0.0
0.75 -0.05019250139594078 0.0
0.75 -0.042064305394887924 0.0
0.75 -0.14206430315971375 0.0
0.5480790734291077 -0.11146387457847595 0.0
0.3740294277667999 -0.0693768560886383 0.0
0.0 -0.05040312930941582 0.1883409470319748
0.0 -0.04697895050048828 0.05787935107946396
0.0 -0.1469789445400238 0.1693740338087082
0.47456270456314087 -0.11558695137500763 0.0
0.6322338581085205 -0.07103210687637329 0.0
0.75 -0.05648975074291229 0.0
0.75 -0.04855601489543915 0.0
0.75 -0.044589217752218246 0.0
0.5211750864982605 -0.14458921551704407 0.0
0.38508352637290955 -0.1104147806763649 0.0
0.0 -0.06459750235080719 0.13357199728488922
0.0 -0.05148827284574509 0.01855165883898735
0.0 -0.04479219764471054 0.15235169231891632
0.3120235502719879 -0.14479219913482666 0.0
0.6983305811882019 -0.11215954273939133 0.0
0.75 -0.07006312161684036 0.0
0.75 -0.05260300636291504 0.0
0.75 -0.044810086488723755 0.0
0.75 -0.039023492485284805 0.0
0.36684858798980713 -0.13902349770069122 0.0
0.0 -0.10736467689275742 0.029531292617321014
0.0 -0.06420660018920898 0.25485095381736755
0.0 -0.04749911651015282 0.18266575038433075
0.1007344126701355 -0.04070080816745758 0.0
0.4371488690376282 -0.1407008022069931 0.0
0.75 -0.09490279108285904 0.0
0.75 -0.05888965353369713 0.0
0.75 -0.0449984185397625 0.0
0.75 -0.03985457867383957 0.0
0.6269046068191528 -0.1398545801639557 0.0
0.2657313346862793 -0.06586599349975586 0.0
0.0 -0.03441593050956726 0.10733693838119507
0.0 -0.03169926628470421 0.23501987755298615
0.0 -0.029393695294857025 0.06495992839336395
0.23394717276096344 -0.12939369678497314 0.0
0.6357408165931702 -0.04326118156313896 0.0
0.75 -0.018362386152148247 0.0
0.75 -0.020423216745257378 0.0
0.75 -0.021705377846956253 0.0
0.75 -0.11283179372549057 0.0
0.44443708658218384 -0.02474105730652809 0.0
0.012262152507901192 -0.004285590723156929 0.0
0.0 -0.012531223706901073 0.2749972641468048
0.0 -0.08259424567222595 0.23609216511249542
0.07811416685581207 -0.018215056508779526 0.0
0.41757482290267944 -0.0046156360767781734 0.0
0.75 -0.009443260729312897 0.0
0.75 -0.010361290536820889 0.0
0.75 -0.009043917991220951 0.0
0.75 -0.05997622013092041 0.0
0.626512348651886 -0.007913174107670784 0.0
0.2263033539056778 -0.00045813550241291523 0.0
0.0 -0.00602030148729682 0.14143331348896027
0.0 -0.045175693929195404 0.23625360429286957
0.0 -0.0066521200351417065 0.035287316888570786
0.2671732008457184 -0.0006272499449551105 0.0
0.6190216541290283 -0.004530757199972868 0.0
0.75 -0.004902788437902927 0.0
0.75 -0.004419563803821802 0.0
0.75 -0.033191751688718796 0.0
0.723382294178009 -0.00267842598259449 0.0
0.3403617739677429 0.0008781747310422361 0.0
0.0 -0.0030775563791394234 0.07619445770978928
0.0 -0.025154517963528633 0.2733526825904846
0.0 -0.002717255847528577 0.14953584969043732
0.14535334706306458 0.00046527828089892864 0.0
0.48656556010246277 -0.002245679497718811 0.0
0.75 -0.0024536203127354383 0.0
0.75 -0.025301195681095123 0.0
0.75 -0.0012022187002003193 0.0
0.75 0.000446943478891626 0.0
0.49246305227279663 -0.001534795155748725 0.0
0.08229360729455948 -0.002747897058725357 0.0
0.0 -0.0015444265445694327 0.21452517807483673
0.0 -0.0014106384478509426 0.20179994404315948
0.05206917226314545 -0.011620152741670609 0.0
0.37697505950927734 -0.0011143370065838099 0.0
0.726910412311554 0.0004837381129618734 0.0
0.75 -0.001001189462840557 0.0
0.75 -0.0008426937856711447 0.0
0.75 -0.0011382887605577707 0.0
0.6435238718986511 -0.009013182483613491 0.0
0.25072064995765686 -0.0005790134309791028 0.0
0.0 0.0006676128832623363 0.12239235639572144
0.0 -0.0008158482378348708 0.23564442992210388
0.0 -0.0068948641419410706 0.05843653529882431
0.24270841479301453 -0.0009222891530953348 0.0
0.5919771194458008 0.00041928913560695946 0.0
0.75 -0.0006189394625835121 0.0
0.75 -0.00035473829484544694 0.0
0.75 -0.005590987857431173 0.0
0.7331337928771973 -0.00017709859821479768 0.0
0.35562577843666077 -5.812568997498602e-05 0.0
0.0 -0.00023063021944835782 0.06313694268465042
0.0 -0.0007857122109271586 0.2736169993877411
0.0 -0.004002109635621309 0.165128692984581
0.12854085862636566 -0.0005370593862608075 0.0
0.47012123465538025 0.00028372605447657406 0.0
0.75 -0.0006572254351340234 0.0
0.75 -0.00017763215873856097 0.0
0.75 -0.00039352138992398977 0.0
0.75 0.00020944546849932522 0.0
0.523084282875061 -0.0006537236622534692 0.0
0.11837689578533173 -0.00010272370127495378 0.0
0.0 -0.0003732306358870119 0.1925761103630066
0.0 8.398025238420814e-05 0.2016824632883072
0.03694957122206688 -0.00048781136865727603 0.0
0.3544621169567108 0.00011836814519483596 0.0
0.7065452933311462 -3.16600599035155e-05 0.0
0.75 0.0004796377324964851 0.0
0.75 -6.783789285691455e-05 0.0
0.75 0.00041512431926093996 0.0
0.6605110168457031 -0.000415998772950843 0.0
0.26923874020576477 -0.00013725232565775514 0.0
0.0 -0.0008335870807059109 0.11318133026361465
