-230.54144287109375 46.1389045715332 0.2706001102924347
-230.54144287109375 46.1389045715332 0.23140011727809906
-230.54144287109375 46.1389045715332 0.16770009696483612
-230.54144287109375 46.1389045715332 0.07950010150671005
-230.54144287109375 46.1389045715332 0.010993060655891895
-230.54144287109375 46.1389045715332 -0.017328128218650818
-230.54144287109375 46.1389045715332 -0.025872936472296715
-230.54144287109375 46.1389045715332 -0.02542615868151188
-230.54144287109375 46.1389045715332 -0.021491756662726402
-230.54144287109375 46.1389045715332 -0.016726093366742134
-230.54144287109375 46.1389045715332 -0.012293033301830292
-230.53138732910156 46.13436508178711 -0.008667239919304848
-230.48939514160156 46.11434555053711 -0.005903606303036213
-230.42559814453125 46.08120346069336 -0.003799648256972432
-230.34661865234375 46.03717803955078 -0.0022231864277273417
-230.25253295898438 45.985164642333984 -0.0010880851186811924
-230.1483917236328 45.923954010009766 -0.00026933668414130807
-230.03871154785156 45.85110855102539 0.0003332710184622556
-229.92306518554688 45.76686096191406 0.0007645607111044228
-229.8021240234375 45.67110061645508 0.0010695457458496094
-229.67254638671875 45.56494903564453 0.0012617302127182484
-229.53097534179688 45.450408935546875 0.0013583182590082288
-229.3766326904297 45.32839584350586 0.0013905143132433295
-229.2094268798828 45.19981384277344 0.0013856315053999424
-229.02931213378906 45.06572723388672 0.0013597678625956178
-228.8361053466797 44.92766189575195 0.0013221930712461472
-228.62942504882812 44.787654876708984 0.0013637733645737171
-228.40878295898438 44.64866638183594 0.0016044044168666005
-228.1803436279297 44.51456832885742 0.0017783546354621649
-227.9473419189453 44.38865280151367 0.0019069862319156528
-227.70692443847656 44.27352523803711 0.002005939371883869
-227.45803833007812 44.17038345336914 0.002087459433823824
-227.19921875 44.07659912109375 0.002136173192411661
-226.92962646484375 43.984703063964844 0.0021114922128617764
-226.64764404296875 43.89213180541992 0.0020282173063606024
-226.35208129882812 43.798187255859375 0.0019252204801887274
-226.0462646484375 43.70902633666992 0.0018735694466158748
-225.72967529296875 43.625701904296875 0.001865444122813642
-225.40150451660156 43.54414367675781 0.0018446159083396196
-225.06190490722656 43.4625244140625 0.0018024634337052703
-224.71124267578125 43.381404876708984 0.0017592047806829214
-224.34970092773438 43.30500411987305 0.0017388724954798818
-223.97715759277344 43.2344970703125 0.0017557715764269233
-223.5939178466797 43.16462707519531 0.0017505836440250278
-223.1998748779297 43.095462799072266 0.001724567380733788
-222.79510498046875 43.03135299682617 0.0017103767022490501
-222.3796844482422 42.97290802001953 0.0017320823390036821
-221.95733642578125 42.91485595703125 0.0017470740713179111
-221.5340118408203 42.858612060546875 0.0017741966294124722
-221.113525390625 42.80840301513672 0.001829776680096984
-220.69810485839844 42.76458740234375 0.0019177055219188333
-220.28892517089844 42.72188949584961 0.00196977611631155
-219.88519287109375 42.68115997314453 0.0019887732341885567
-219.48602294921875 42.6423225402832 0.001993465470150113
-219.08895874023438 42.60542297363281 0.0019823263864964247
-218.69107055664062 42.57303237915039 0.0019673346541821957
-218.2899169921875 42.54429626464844 0.001959133194759488
-217.88368225097656 42.51425552368164 0.0019112968584522605
-217.4710235595703 42.48419189453125 0.0018496131524443626
-217.05274963378906 42.45446014404297 0.0018064689356833696
-216.63214111328125 42.42921829223633 0.0018118094885721803
-216.2140350341797 42.40604782104492 0.0018617057939991355
-215.80050659179688 42.38261795043945 0.0018948173383250833
-215.3920135498047 42.359375 0.0019146536942571402
-214.98822021484375 42.337303161621094 0.0019303703447803855
-214.5873260498047 42.31855010986328 0.0019437980372458696
-214.1864013671875 42.30171203613281 0.0019484137883409858
-213.7828826904297 42.2839241027832 0.0019143485696986318
-213.37460327148438 42.26624298095703 0.0018640327034518123
-212.9602813720703 42.248619079589844 0.0018165016081184149
-212.54098510742188 42.23426818847656 0.0017981909913942218
-212.1205291748047 42.22074508666992 0.001817569718696177
-211.70294189453125 42.20685958862305 0.0018434333615005016
-211.2900390625 42.19293975830078 0.0018700218060985208
-210.88198852539062 42.17982482910156 0.0018971061799675226
-210.47840881347656 42.16904830932617 0.001924228621646762
-210.07716369628906 42.15947723388672 0.0019401359604671597
-209.67526245117188 42.14919662475586 0.0019199943635612726
-209.270263671875 42.13910675048828 0.0018806647276505828
-208.86021423339844 42.12900161743164 0.0018369483295828104
-208.44412231445312 42.12144088745117 0.0018056296976283193
-208.02389526367188 42.114158630371094 0.0017988395411521196
-207.60386657714844 42.10653305053711 0.0018081854796037078
-207.18739318847656 42.0987434387207 0.0018335151253268123
-206.77557373046875 42.0915412902832 0.0018660926725715399
-206.3684844970703 42.085655212402344 0.0018983649788424373
-205.965087890625 42.08045196533203 0.0019217109074816108
-205.5629425048828 42.07475662231445 0.001915950677357614
-205.15919494628906 42.06929016113281 0.0018898581620305777
-204.75155639648438 42.063743591308594 0.0018530081724748015
-204.33848571777344 42.05949783325195 0.0018180274637416005
-203.92041015625 42.055259704589844 0.0017950630281120539
-203.50038146972656 42.05095291137695 0.0017913627671077847
-203.08261108398438 42.04645919799805 0.001812305417843163
-202.6690216064453 42.042362213134766 0.0018455695826560259
-202.2601318359375 42.03892517089844 0.0018805884756147861
-201.8556365966797 42.03596496582031 0.0019083594670519233
-201.4535369873047 42.03261947631836 0.0019124794052913785
-201.0508575439453 42.02950668334961 0.0018953513354063034
-200.64515686035156 42.026248931884766 0.001863613142631948
-200.23451232910156 42.02383041381836 0.0018287085695192218
-199.81822204589844 42.02132797241211 0.0017964362632483244
-199.39830017089844 42.01885986328125 0.0017813300946727395
-198.9789581298828 42.01618194580078 0.0017940711695700884
-198.56321716308594 42.01382827758789 0.0018263052916154265
-198.15206909179688 42.01173782348633 0.0018627357203513384
-197.7454833984375 42.01003646850586 0.0018938254797831178
-197.3422393798828 42.00800704956055 0.0019069480476900935
-196.93968200683594 42.00621795654297 0.0018992424011230469
-196.53504943847656 42.00426483154297 0.0018742942484095693
-196.1261444091797 42.00288009643555 0.0018410300835967064
-195.71156311035156 42.00135040283203 0.0018046378390863538
-195.292236328125 41.99993133544922 0.001780185615643859
-194.87179565429688 41.99828338623047 0.001782817766070366
-194.45433044433594 41.997154235839844 0.0018135261489078403
-194.04147338867188 41.99589920043945 0.0018517111893743277
-193.63340759277344 41.994834899902344 0.001884250552393496
-193.22958374023438 41.99354934692383 0.0019046973902732134
-192.82778930664062 41.99253845214844 0.0019067191751673818
-192.4251251220703 41.9913215637207 0.0018890189239755273
-192.0191192626953 41.99052810668945 0.0018586539663374424
-191.60772705078125 41.98941421508789 0.0017104148864746094
-191.19085693359375 41.98858642578125 0.0016961860237643123
-190.770751953125 41.98754119873047 0.0017051124013960361
-190.3517303466797 41.98686981201172 0.0017405127873644233
-189.9364013671875 41.98593521118164 0.0017172431107610464
-189.52574157714844 41.98526382446289 0.0017666434869170189
-189.1197052001953 41.98439025878906 0.001814517891034484
-188.71682739257812 41.98377990722656 0.001844921032898128
-188.3143768310547 41.983070373535156 0.0018515586853027344
-187.90963745117188 41.98261260986328 0.0018368720775470138
-187.50048828125 41.9819221496582 0.0018109320662915707
-187.08551025390625 41.9814338684082 0.0017799186753109097
-186.6658935546875 41.98073959350586 0.001762561732903123
-186.2454376220703 41.98036575317383 0.0017719077877700329
-185.82809448242188 41.97977828979492 0.00180559151340276
-185.4154052734375 41.979408264160156 0.0018450736533850431
-185.0075225830078 41.97880935668945 0.0018784904386848211
-184.60374450683594 41.97846221923828 0.0019005774520337582
-184.2018585205078 41.97795867919922 0.001903324038721621
-183.79896545410156 41.977684020996094 0.0018861198332160711
-183.3926544189453 41.97718048095703 0.0018544577760621905
-182.981201171875 41.97688293457031 0.001817302661947906
-182.56431579589844 41.97639083862305 0.001785182859748602
-182.1443328857422 41.976158142089844 0.0017759513575583696
-181.7255401611328 41.9757080078125 0.0017952919006347656
-181.31056213378906 41.97547149658203 0.0018295097397640347
-180.90025329589844 41.975013732910156 0.0018642997602000833
-180.49449157714844 41.97480010986328 0.0018919181311503053
-180.0917205810547 41.974388122558594 0.001903438474982977
-179.68917846679688 41.97421646118164 0.0018942832248285413
-179.2841339111328 41.973812103271484 0.0018678855849429965
-178.87454223632812 41.97361755371094 0.001832561451010406
-178.45909118652344 41.97323989868164 0.0017962836427614093
-178.03927612304688 41.97308349609375 0.0017765617230907083
-177.6190643310547 41.972694396972656 0.0017852972960099578
-177.2021026611328 41.972537994384766 0.0018173408461734653
-176.78976440429688 41.9721565246582 0.0018533896654844284
-176.3821258544922 41.97203826904297 0.0018845939775928855
-175.9784393310547 41.97169494628906 0.0019038963364437222
-175.5763397216797 41.97189712524414 0.0019046973902732134
-175.17295837402344 41.97181701660156 0.0018860053969547153
-174.76593017578125 41.971736907958984 0.0018523979233577847
-174.35362243652344 41.97142791748047 0.001814517891034484
-173.93614196777344 41.97134017944336 0.0017845726106315851
-173.51622009277344 41.971031188964844 0.0017789268167689443
-173.0980682373047 41.97092819213867 0.0018009757623076439
-172.6838836669922 41.970584869384766 0.0018352698534727097
-172.2743682861328 41.97064208984375 0.0018509101355448365
-171.8694305419922 41.970375061035156 0.0018630027770996094
-171.46722412109375 41.97026824951172 0.0018712806049734354
-171.0648651123047 41.96992492675781 0.0018627739045768976
-170.65972900390625 41.96981430053711 0.0018405341543257236
-170.24984741210938 41.969505310058594 0.001809406210668385
-169.83401489257812 41.969398498535156 0.0017778968904167414
-169.41395568847656 41.96906661987305 0.0017625236650928855
-168.9938201904297 41.968955993652344 0.0017768668476492167
-168.5770721435547 41.96860122680664 0.0018115806160494685
-168.16497802734375 41.96849060058594 0.0018500708974897861
-167.757568359375 41.96815872192383 0.001882266951724887
-167.35397338867188 41.96806716918945 0.001901493058539927
-166.95179748535156 41.96773910522461 0.0019003485795110464
-166.54815673828125 41.96762466430664 0.0018799781100824475
-166.14073181152344 41.96730422973633 0.0018470572540536523
-165.7279510498047 41.967201232910156 0.0018106269417330623
-165.31015014648438 41.96688461303711 0.0017826270777732134
-164.8902130126953 41.96678161621094 0.0017794608138501644
-164.47230529785156 41.966453552246094 0.0018034552922472358
-164.0584716796875 41.96635055541992 0.0018383216811344028
-163.64932250976562 41.96604919433594 0.001872425084002316
-163.24464416503906 41.96596908569336 0.0018974875565618277
-162.84243774414062 41.965660095214844 0.0019043158972635865
-162.43980407714844 41.965576171875 0.0018906211480498314
-162.03424072265625 41.96527099609375 0.0018615531735122204
-161.62379455566406 41.965179443359375 0.001824932056479156
-161.20762634277344 41.964881896972656 0.0017901420360431075
-160.78770446777344 41.96479034423828 0.0017745017539709806
-160.36819458007812 41.964481353759766 0.0017887306166812778
-159.9522247314453 41.96440505981445 0.0018219184130430222
-159.54086303710938 41.9640998840332 0.0018580055329948664
-159.13406372070312 41.96403884887695 0.0018875312525779009
-158.73068237304688 41.96372604370117 0.00190252298489213
-158.32815551757812 41.96364974975586 0.0018973731203004718
-157.92367553710938 41.96336364746094 0.0018743324326351285
-157.51502990722656 41.96329116821289 0.0018398475367575884
-157.1007537841797 41.96299362182617 0.001802577986381948
-156.68173217773438 41.96291732788086 0.0017780875787138939
-156.2614288330078 41.96261978149414 0.0017811392899602652
-155.8439483642578 41.96255874633789 0.0018103598849847913
-155.4309539794922 41.96226501464844 0.0018470191862434149
-155.02273559570312 41.96220779418945 0.0018799018580466509
-154.61871337890625 41.9619140625 0.0019018745515495539
-154.2167510986328 41.96185302734375 0.0019049262627959251
-153.81390380859375 41.96157455444336 0.0018879508133977652
-153.40777587890625 41.961509704589844 0.0018568610539659858
-152.99658203125 41.96123123168945 0.001819782191887498
-152.57989501953125 41.96115493774414 0.0017870902083814144
-152.15997314453125 41.96086502075195 0.0017749214312061667
-151.74107360839844 41.96079635620117 0.0017929266905412078
-151.3258819580078 41.96051025390625 0.0018268775893375278
-150.91531372070312 41.960453033447266 0.0018622397910803556
-150.50930786132812 41.96017074584961 0.001890316023491323
-150.1063690185547 41.960121154785156 0.0019025992369279265
-149.7037353515625 41.959842681884766 0.0018942451570183039
-149.2987518310547 41.959774017333984 0.001868991763330996
-148.88925170898438 41.95950698852539 0.0018332480685785413
-148.47393798828125 41.959434509277344 0.00179571146145463
-148.05413818359375 41.95914840698242 0.0017743873177096248
-147.63381958007812 41.95909118652344 0.001783237443305552
-147.2167510986328 41.95878982543945 0.0018160438630729914
-146.80430603027344 41.95871353149414 0.0018554114503785968
-146.39662170410156 41.95840835571289 0.001890697400085628
-145.992919921875 41.95832061767578 0.0019198799272999167
-145.59088134765625 41.958030700683594 0.0019149970030412078
-145.18763732910156 41.95796203613281 0.001892681117169559
-144.78082275390625 41.95766830444336 0.0018534278497099876
-144.36875915527344 41.95758056640625 0.0018237876938655972
-143.95144653320312 41.95729446411133 0.0017949104076251388
-143.53152465820312 41.95722579956055 0.001786518027074635
-143.11317443847656 41.956947326660156 0.0018064689356833696
-142.69876098632812 41.95689392089844 0.0018386649899184704
-142.28904724121094 41.95661544799805 0.001872158027254045
-141.88394165039062 41.95656967163086 0.0018976401770487428
-141.4816131591797 41.956302642822266 0.0019064521184191108
-141.0791473388672 41.956260681152344 0.0018942832248285413
-140.6739959716797 41.95598602294922 0.0018660926725715399
-140.2641143798828 41.955936431884766 0.0018292044987902045
-139.84837341308594 41.95566940307617 0.0017921638209372759
-139.4283905029297 41.95560836791992 0.0017735098954290152
-139.00831604003906 41.95532989501953 0.0017849159194156528
-138.5916290283203 41.955284118652344 0.0018174552824348211
-138.17955017089844 41.95500564575195 0.0018539237789809704
-137.77218627929688 41.95496368408203 0.0018850897904485464
-137.36859130859375 41.95468521118164 0.0019032859709113836
-136.96636962890625 41.95464324951172 0.0019017219310626388
-136.5626678466797 41.95436477661133 0.0018810081528499722
-136.15516662597656 41.95431137084961 0.0018477058038115501
-135.7423095703125 41.95404052734375 0.0018104362534359097
-135.3244171142578 41.953983306884766 0.0017825888935476542
-134.9044647216797 41.953704833984375 0.0017799186753109097
-134.48660278320312 41.953651428222656 0.0018044853350147605
-134.07281494140625 41.953372955322266 0.0018393516074866056
-133.66375732421875 41.95332336425781 0.0018729972653090954
-133.25912475585938 41.953041076660156 0.0018977546133100986
-132.85691833496094 41.95299530029297 0.001904506585560739
-132.45423889160156 41.952720642089844 0.0018902778392657638
-132.04856872558594 41.95267105102539 0.0018610190600156784
-131.63800048828125 41.952396392822266 0.0018241310026496649
-131.2218017578125 41.952327728271484 0.001789684290997684
-130.80189514160156 41.95205307006836 0.00177507393527776
-130.38247680664062 41.95199966430664 0.0017899894155561924
-129.9666290283203 41.95171356201172 0.0018229865236207843
-129.5553741455078 41.95166015625 0.0018588065868243575
-129.148681640625 41.95138168334961 0.001888179685920477
-128.745361328125 41.95133590698242 0.001902942662127316
-128.34280395507812 41.95106887817383 0.00189714424777776
-127.938232421875 41.951019287109375 0.0018734550103545189
-127.5294189453125 41.95074462890625 0.001838741241954267
-127.11495971679688 41.95067596435547 0.0018015479436144233
-126.69576263427734 41.950408935546875 0.0017775153974071145
-126.27536010742188 41.95035171508789 0.0017814063467085361
-125.85787963867188 41.9500617980957 0.0018107413779944181
-125.4449462890625 41.95000457763672 0.001847934676334262
-125.03682708740234 41.94972229003906 0.001880969968624413
-124.63289642333984 41.949676513671875 0.0019030951661989093
-124.23101043701172 41.949398040771484 0.0019057655008509755
-123.82826232910156 41.949344635009766 0.001888332306407392
-123.42219543457031 41.94907760620117 0.0018570899264886975
-123.01105499267578 41.94901657104492 0.0018200110644102097
-122.59437561035156 41.94874954223633 0.0017870139563456178
-122.17440795898438 41.94869613647461 0.0017754172440618277
-121.75541687011719 41.94841766357422 0.0017929266905412078
-121.34014129638672 41.94835662841797 0.0018267631530761719
-120.92948913574219 41.948081970214844 0.0018624304793775082
-120.52340698242188 41.94803237915039 0.0018908882047981024
-120.12041473388672 41.9477424621582 0.0019031715346500278
-119.7177963256836 41.94768524169922 0.0018948173383250833
-119.31285858154297 41.947410583496094 0.001869258820079267
-118.9034652709961 41.947357177734375 0.0018338966183364391
-118.48821258544922 41.94709014892578 0.0017965506995096803
-118.06842803955078 41.94702911376953 0.0017748832469806075
-117.64805603027344 41.946746826171875 0.0017824744572862983
-117.23088836669922 41.946693420410156 0.0018139838939532638
-116.818359375 41.946414947509766 0.0018512534443289042
-116.41058349609375 41.946372985839844 0.0018836783710867167
-116.00684356689453 41.94609832763672 0.0019038199679926038
-115.6048812866211 41.946048736572266 0.0019043921492993832
-115.20177459716797 41.94577407836914 0.0018851661588996649
-114.7951431274414 41.94572067260742 0.0018532371614128351
-114.38330078125 41.94545364379883 0.001816120115108788
-113.96614837646484 41.94538497924805 0.0017852210439741611
-113.54621887207031 41.945106506347656 0.0017771720886230469
-113.12773132324219 41.94504928588867 0.00179796211887151
-112.71311950683594 41.94476318359375 0.0018321799580007792
-112.30322265625 41.94471740722656 0.0018673514714464545
-111.89791107177734 41.94443130493164 0.0018944740295410156
-111.49541473388672 41.944393157958984 0.001903438474982977
-111.0928955078125 41.94412612915039 0.0018911170773208141
-110.68775939941406 41.94406509399414 0.0018639564514160156
-110.27794647216797 41.94379425048828 0.0018284416291862726
-109.8622817993164 41.9437255859375 0.0017919349484145641
-109.44234466552734 41.94345474243164 0.0017728995298966765
-109.02222442626953 41.943397521972656 0.0017841147491708398
-108.60546875 41.94310760498047 0.0018166541121900082
-108.19332885742188 41.943050384521484 0.001853847410529852
-107.785888671875 41.94276809692383 0.0018848228501155972
-107.38225555419922 41.94272232055664 0.0019031715346500278
-106.98004913330078 41.94245147705078 0.0019017219310626388
-106.576416015625 41.94239044189453 0.0018815039657056332
-106.16902923583984 41.94211959838867 0.0018485068576410413
-105.75628662109375 41.94205093383789 0.001811389927752316
-105.33849334716797 41.94178009033203 0.0017829322023317218
-104.9185791015625 41.94171905517578 0.0017798423068597913
-104.50064849853516 41.94143295288086 0.0018035316606983542
-104.0867919921875 41.94137954711914 0.001838588621467352
-103.67764282226562 41.941097259521484 0.0018724631518125534
-103.27294921875 41.94104766845703 0.001897525740787387
-102.8707275390625 41.94076919555664 0.0019043540814891458
-102.46810150146484 41.94071578979492 0.001890811836346984
-102.06253051757812 41.94044876098633 0.0018616676097735763
-101.65208435058594 41.94038391113281 0.0018250083085149527
-101.23594665527344 41.94011688232422 0.0017899131635203958
-100.81602478027344 41.9400634765625 0.0017745780060067773
-100.39651489257812 41.93978500366211 0.001788883120752871
-99.98051452636719 41.93973159790039 0.0018222236540168524
-99.56914520263672 41.93944549560547 0.0018581199692562222
-99.162353515625 41.93940353393555 0.0018875694368034601
-98.75897216796875 41.93911361694336 0.0019027137896046042
-98.3564453125 41.93906021118164 0.001897678361274302
-97.95197296142578 41.93878936767578 0.0018744086846709251
-97.54332733154297 41.93873596191406 0.0018401526613160968
-97.12908172607422 41.9384651184082 0.0018027304904535413
-96.7100601196289 41.93840789794922 0.0017782782670110464
-96.28975677490234 41.93812561035156 0.0017814063467085361
-95.87226104736328 41.938072204589844 0.0018103218171745539
-95.45925903320312 41.93778610229492 0.0018474769312888384
-95.051025390625 41.93773651123047 0.0018807410961017013
-94.64700317382812 41.937461853027344 0.0019027137896046042
-94.24502563476562 41.93741226196289 0.0019057273166254163
-93.84217834472656 41.9371337890625 0.0018884086748585105
-93.43605041503906 41.93708419799805 0.00185674661770463
-93.02484130859375 41.93681716918945 0.0018187140813097358
-92.608154296875 41.93674087524414 0.0017857932252809405
-92.18824005126953 41.93646240234375 0.0017748450627550483
-91.76933288574219 41.936405181884766 0.001793079311028123
-91.35414123535156 41.93612289428711 0.001827144529670477
-90.9435806274414 41.936073303222656 0.0018626594683155417
-90.53759765625 41.935794830322266 0.0018906593322753906
-90.1346435546875 41.93575668334961 0.0019030570983886719
-89.73200988769531 41.93547821044922 0.0018943976610898972
-89.32701873779297 41.935428619384766 0.0018687628908082843
-88.91752624511719 41.93516159057617 0.0018332480685785413
-88.50220489501953 41.93508529663086 0.0017960167024284601
-88.08241271972656 41.934818267822266 0.0017748832469806075
-87.662109375 41.93476104736328 0.0017833518795669079
-87.24504089355469 41.934471130371094 0.00181493756826967
-86.83259582519531 41.93441390991211 0.0018520544981583953
-86.42488098144531 41.93413162231445 0.0018839836120605469
-86.02116394042969 41.934085845947266 0.001903858152218163
-85.6191177368164 41.933807373046875 0.0019040870247408748
-85.21588897705078 41.933753967285156 0.001884632045403123
-84.80906677246094 41.93347930908203 0.0018523979233577847
-84.39701843261719 41.93342208862305 0.0018149757524952292
-83.9797134399414 41.93315505981445 0.0017847251147031784
-83.5597915649414 41.93309020996094 0.0017780875787138939
-83.1414566040039 41.93281173706055 0.0017990684136748314
-82.72705078125 41.93275833129883 0.0018338202498853207
-82.31732940673828 41.93247604370117 0.0018686484545469284
-81.9122314453125 41.932430267333984 0.0018956565763801336
-81.5098876953125 41.93215560913086 0.00190477364230901
-81.10742950439453 41.93210220336914 0.0018927573692053556
-80.70226287841797 41.93183135986328 0.0018648719415068626
-80.29237365722656 41.93177032470703 0.001828594133257866
-79.87661743164062 41.93150329589844 0.0017920875689014792
-79.4566421508789 41.93144607543945 0.0017735098954290152
-79.03656005859375 41.93115997314453 0.001784687046892941
-78.61988067626953 41.93110656738281 0.0018171882256865501
-78.20783233642578 41.93082809448242 0.001854267087765038
-77.80044555664062 41.93077850341797 0.0018853568471968174
-77.39685821533203 41.930503845214844 0.0019043540814891458
-76.99461364746094 41.93042755126953 0.0019042396452277899
-76.59090423583984 41.93014907836914 0.0018833732465282083
-76.18339538574219 41.93008041381836 0.0018501471495255828
-75.77049255371094 41.929813385009766 0.0018124198541045189
-75.35259246826172 41.929744720458984 0.001784152933396399
-74.93263244628906 41.92947006225586 0.0017808341654017568
-74.5147705078125 41.92941665649414 0.0018049048958346248
-74.10101318359375 41.92913818359375 0.0018398475367575884
-73.69194793701172 41.92909622192383 0.0018737220671027899
-73.28731536865234 41.9288215637207 0.0018982123583555222
-72.88509368896484 41.92877960205078 0.0019046973902732134
-72.48241424560547 41.92850112915039 0.001889896346256137
-72.07672882080078 41.92844772338867 0.0018607521196827292
-71.66614532470703 41.92817687988281 0.0018243598751723766
-71.24992370605469 41.92810821533203 0.0017897987272590399
-70.83002471923828 41.92783737182617 0.0017746924422681332
-70.41062927246094 41.92778778076172 0.0017893790500238538
-69.99480438232422 41.92750549316406 0.0018226432148367167
-69.58358001708984 41.927452087402344 0.0018588828388601542
-69.17692565917969 41.92717361450195 0.0018879508133977652
-68.77362823486328 41.92713165283203 0.0019025611691176891
-68.37104034423828 41.92685317993164 0.0018966102506965399
-67.9664306640625 41.92680740356445 0.0018731117015704513
-67.5575942993164 41.926536560058594 0.0018386649899184704
