0.75 -0.021685132756829262 0.0
0.75 -0.021740736439824104 0.0
0.75 -0.021768536418676376 0.0
0.75 -0.021796338260173798 0.0
0.75 -0.02182414010167122 0.0
0.75 -0.02185194194316864 0.0
0.75 -0.02187974378466606 0.0
0.75 -0.021907543763518333 0.0
0.75 -0.021935345605015755 0.0
0.75 -0.021963147446513176 0.0
0.75 -0.021963147446513176 0.0
0.75 -0.02120611071586609 0.0
0.75 -0.01875990256667137 0.0
0.75 -0.01757015287876129 0.0
0.75 -0.04886675253510475 0.0
0.75 -0.01792103610932827 0.0
0.75 -0.01704009808599949 0.0
0.75 -0.016774654388427734 0.0
0.75 -0.014660458080470562 0.0
0.75 -0.012848998419940472 0.0
0.75 -0.011234080418944359 0.0
0.75 -0.009869716130197048 0.0
0.75 -0.048613086342811584 0.0
0.75 -0.00840237271040678 0.0
0.75 -0.008066982962191105 0.0
0.75 -0.010532103478908539 0.0
0.75 -0.008682804182171822 0.0
0.75 -0.007210087031126022 0.0
0.75 -0.04975961521267891 0.0
0.75 -0.00850611086934805 0.0
0.75 -0.00473763607442379 0.0
0.75 -0.00764366565272212 0.0
0.75 -0.007369922008365393 0.0
0.75 -0.00565768126398325 0.0
0.75 -0.05140436813235283 0.0
0.75 -0.007629456464201212 0.0
0.75 -0.0005285642109811306 0.0
0.75 -0.0056627057492733 0.0
0.75 -0.006577496416866779 0.0
0.75 -0.053459856659173965 0.0
0.75 -0.004966643638908863 0.0
0.75 0.0002231644029961899 0.0
0.75 -0.0048826029524207115 0.0
0.75 -0.05451231449842453 0.0
0.75 -0.005352455656975508 0.0
0.75 0.0011058598756790161 0.0
0.75 -0.004202628042548895 0.0
0.75 -0.05525869503617287 0.0
0.75 -0.004706315230578184 0.0
0.75 0.002365630120038986 0.0
0.75 -0.003513268195092678 0.0
0.75 -0.05621523782610893 0.0
0.75 -0.004027534741908312 0.0
0.75 0.0037464983761310577 0.0
0.75 -0.0030065272003412247 0.0
0.75 -0.057673122733831406 0.0
0.75 -0.0032600064296275377 0.0
0.75 0.004948661662638187 0.0
0.75 -0.054765455424785614 0.0
0.75 -0.0009823854779824615 0.0
0.75 0.005545333493500948 0.0
0.75 -0.0029887871351093054 0.0
0.75 -0.05953271687030792 0.0
0.75 -0.002362821251153946 0.0
0.75 0.006885213311761618 0.0
0.75 -0.051339421421289444 0.0
0.75 0.0013974211178719997 0.0
0.75 0.007098507136106491 0.0
0.75 -0.056117944419384 0.0
0.75 -0.0004365733184386045 0.0
0.75 0.007818693295121193 0.0
0.75 -0.05569217726588249 0.0
0.75 -0.00041831249836832285 0.0
0.75 0.008094469085335732 0.0
0.75 -0.05579156056046486 0.0
0.75 -0.0003998478641733527 0.0
0.75 -0.04397411644458771 0.0
0.75 0.0030243764631450176 0.0
0.75 0.006820288021117449 0.0
0.75 -0.05540589988231659 0.0
0.75 -0.00034676340874284506 0.0
0.75 0.008778676390647888 0.0
0.75 -0.05457278713583946 0.0
0.75 -5.688271630788222e-05 0.0
0.75 -0.04351244866847992 0.0
0.75 0.003867211053147912 0.0
0.75 0.007928041741251945 0.0
0.75 -0.05526844412088394 0.0
0.75 -0.00026050457381643355 0.0
0.75 -0.04304259270429611 0.0
0.75 0.004491183906793594 0.0
0.75 0.00846587773412466 0.0
0.5836402177810669 -0.055067334324121475 0.0
0.16137543320655823 -0.00028538546757772565 0.0
0.0 -0.04319857433438301 0.11033732444047928
0.06947478652000427 0.004371230024844408 0.0
0.5436763763427734 0.008482026867568493 0.0
0.75 -0.0549406036734581 0.0
0.75 -0.0004949706490151584 0.0
0.75 0.00906595028936863 0.0
0.75 -0.05544335022568703 0.0
0.75 -0.0001081988521036692 0.0
0.75 0.009509004652500153 0.0
0.75 -0.056442346423864365 0.0
0.75 -0.00014818600902799517 0.0
0.5222594141960144 -0.04502834007143974 0.0
0.16227774322032928 0.0044806175865232944 0.0
0.0 0.008834843523800373 0.008367524482309818
0.20246198773384094 -0.05722348392009735 0.0
0.7235918641090393 -0.0013414777349680662 0.0
0.75 -0.04510221257805824 0.0
0.75 0.004188163205981255 0.0
0.75 0.008209425956010818 0.0
0.75 -0.05693371221423149 0.0
0.75 -0.0008662219042889774 0.0
0.75 0.009427620097994804 0.0
0.75 -0.05606108531355858 0.0
0.49664506316185 -8.643302135169506e-05 0.0
0.13018687069416046 -0.04497909173369408 0.0
0.00569660309702158 0.004308763891458511 0.0
0.2461954802274704 0.008678555488586426 0.0
0.75 -0.056770920753479004 0.0
0.75 -0.0009655914036557078 0.0
0.75 0.009175126440823078 0.0
0.75 -0.05672185495495796 0.0
0.75 -0.00034101217170245945 0.0
0.75 -0.045520246028900146 0.0
0.75 0.004118500743061304 0.0
0.75 0.008692952804267406 0.0
0.3689219653606415 -0.057131242007017136 0.0
0.047801051288843155 -0.0007979337242431939 0.0
0.0 -0.044759102165699005 0.009789964184165001
0.3455485701560974 0.0042462339624762535 0.0
0.75 0.008649658411741257 0.0
0.75 -0.056355301290750504 0.0
0.75 -0.0007215633522719145 0.0
0.75 0.009124384261667728 0.0
0.75 -0.056446339935064316 0.0
0.75 -0.00022384828480426222 0.0
0.75 0.009691523388028145 0.0
0.75 -0.05722622945904732 0.0
0.49842554330825806 -0.0002223379851784557 0.0
0.12548932433128357 -0.04560520499944687 0.0
0.0 0.0043540215119719505 0.004323226399719715
0.2366042286157608 0.008785942569375038 0.0
0.75 -0.05755128338932991 0.0
0.75 -0.0012046161573380232 0.0
0.75 0.009214441291987896 0.0
0.75 -0.0573069266974926 0.0
0.75 -0.0004698155971709639 0.0
0.75 -0.04589998722076416 0.0
0.75 0.004089857451617718 0.0
0.75 0.008669826202094555 0.0
0.4125020205974579 -0.05757641792297363 0.0
0.09074359387159348 -0.0008815280161798 0.0
0.005136115942150354 -0.04496719688177109 0.0
0.32114872336387634 0.004170193336904049 0.0
0.75 0.008612791076302528 0.0
0.75 -0.05650882050395012 0.0
0.75 -0.0007448751130141318 0.0
0.75 0.009110013023018837 0.0
0.75 -0.05658042058348656 0.0
0.75 -0.0002904762513935566 0.0
0.75 -0.04521791264414787 0.0
0.75 0.0042882394045591354 0.0
0.3551805317401886 0.008824508637189865 0.0
0.0 -0.05699323117733002 0.005922617856413126
0.0 -0.0009600627818144858 0.018319113180041313
0.34587687253952026 0.009541129693388939 0.0
0.75 -0.0562831312417984 0.0
0.75 -0.00035266586928628385 0.0
0.75 -0.04588867723941803 0.0
0.75 0.0038087533321231604 0.0
0.75 0.008268693462014198 0.0
0.75 -0.05751127377152443 0.0
0.75 -0.0008084512082859874 0.0
0.75 0.00965731218457222 0.0
0.5151415467262268 -0.05660036951303482 0.0
0.17867816984653473 -0.00022017151059117168 0.0
0.014978291466832161 -0.045454032719135284 0.0
0.23365643620491028 0.004056853707879782 0.0
0.7136237025260925 0.008674576878547668 0.0
0.75 -0.0571134015917778 0.0
0.75 -0.0009164796210825443 0.0
0.75 0.009142495691776276 0.0
0.75 -0.051978033035993576 0.0
0.75 0.0027644135989248753 0.0
0.75 -0.045249540358781815 0.0
0.7188177704811096 0.005942503921687603 0.0
0.3256344497203827 0.009735902771353722 0.0
0.0002469943428877741 -0.05738403648138046 0.0
0.031688351184129715 -0.0011406593257561326 0.0
0.41171005368232727 -0.04521537199616432 0.0
0.75 0.004317945335060358 0.0
0.75 0.008682286366820335 0.0
0.75 -0.056881651282310486 0.0
0.75 -0.0008325158269144595 0.0
0.75 0.009273342788219452 0.0
0.75 -0.05657002702355385 0.0
0.75 -0.00020486596622504294 0.0
0.75 -0.04522891715168953 0.0
0.44454002380371094 0.004453163594007492 0.0
0.07668282836675644 0.008906234055757523 0.0
0.0 -0.0572168231010437 0.030125709250569344
0.2980796694755554 -0.0012282438110560179 0.0
0.75 0.009440192952752113 0.0
0.75 -0.05641314387321472 0.0
0.75 -0.00020577010582201183 0.0
0.75 0.009346876293420792 0.0
0.75 -0.058053284883499146 0.0
0.75 -0.0005491322372108698 0.0
0.75 -0.046107806265354156 0.0
0.75 0.0043129706755280495 0.0
0.3505372107028961 0.008933860808610916 0.0
0.0 -0.057976409792900085 0.009827014058828354
0.0 -0.0012264836113899946 0.016876162961125374
0.3498116135597229 -0.04545038565993309 0.0
0.75 0.004124515224248171 0.0
0.75 0.00849208701401949 0.0
0.75 -0.05698879063129425 0.0
0.75 -0.0009000346763059497 0.0
0.75 0.00915635284036398 0.0
0.75 -0.05665699765086174 0.0
0.75 -0.00029211174114607275 0.0
0.75 -0.04520374909043312 0.0
0.5425720810890198 0.00432118633762002 0.0
0.16624347865581512 0.008865331299602985 0.0
0.0 -0.05714379623532295 0.015007671900093555
0.21636539697647095 -0.0012081468012183905 0.0
0.7032027840614319 0.009418700821697712 0.0
0.75 -0.05634477362036705 0.0
0.75 -0.0002607320493552834 0.0
0.75 -0.04590379446744919 0.0
0.75 0.00376707105897367 0.0
0.75 0.008349960669875145 0.0
0.75 -0.05737890675663948 0.0
0.75 -0.0007728878990747035 0.0
0.3971894681453705 -0.044656459242105484 0.0
0.05785511061549187 0.0045923348516225815 0.0
0.0 0.008763283491134644 0.014628526754677296
0.3131997585296631 -0.056719522923231125 0.0
0.75 -0.001213903073221445 0.0
0.75 0.009181362576782703 0.0
0.75 -0.05617302283644676 0.0
0.75 -0.00018215461750514805 0.0
0.75 0.009425057098269463 0.0
0.75 -0.05751744285225868 0.0
0.75 -0.0004026685783173889 0.0
0.75 -0.045692116022109985 0.0
0.44832491874694824 0.004405925050377846 0.0
0.08278755843639374 0.008991340175271034 0.0
0.0 -0.05779631808400154 0.02482481114566326
0.2994576692581177 -0.0014280055183917284 0.0
0.75 -0.045455578714609146 0.0
0.75 0.004217784386128187 0.0
0.75 0.008366100490093231 0.0
0.75 -0.05719379708170891 0.0
0.75 -0.0009817969985306263 0.0
0.75 0.009320994839072227 0.0
0.75 -0.056414421647787094 0.0
0.75 -0.00015499292931053787 0.0
0.3417525589466095 -0.04513660445809364 0.0
0.0 0.004434424452483654 0.00033322410308755934
0.0 0.00883155595511198 0.041286904364824295
0.3377108573913574 -0.057113759219646454 0.0
0.75 -0.0012785359285771847 0.0
0.75 0.009229517541825771 0.0
0.75 -0.05655699223279953 0.0
0.75 -0.00025065065710805357 0.0
0.75 0.009388724341988564 0.0
0.75 -0.05785323679447174 0.0
0.75 -0.0005149127100594342 0.0
0.75 -0.04590076208114624 0.0
0.5556769967079163 0.004413172602653503 0.0
0.17729397118091583 0.008937770500779152 0.0
0.0 -0.057936713099479675 0.014909125864505768
0.20395566523075104 -0.00146497564855963 0.0
0.68263840675354 -0.04546375572681427 0.0
0.75 0.004183541983366013 0.0
0.75 0.008389215916395187 0.0
0.75 -0.0571911484003067 0.0
0.75 -0.0010510633001103997 0.0
0.75 0.009279563091695309 0.0
0.75 -0.05650436505675316 0.0
0.75 -0.0002173892717109993 0.0
0.4141412079334259 -0.0451512411236763 0.0
0.07521622627973557 0.004368129186332226 0.0
0.0 0.008784244768321514 0.00781969539821148
0.30423346161842346 -0.057169344276189804 0.0
0.75 -0.0013187741860747337 0.0
0.75 0.009194569662213326 0.0
0.75 -0.056566864252090454 0.0
0.75 -0.00028427824145182967 0.0
0.75 -0.045673757791519165 0.0
0.75 0.0039014217909425497 0.0
0.75 0.0330050066113472 0.0
0.75 -0.030890753492712975 0.0
0.42031413316726685 0.007347684353590012 0.0
0.05523410066962242 -0.04629405960440636 0.0
0.0 0.005498829763382673 0.011936788447201252
0.3002657890319824 0.01080300472676754 0.0
0.75 -0.056108519434928894 0.0
0.75 -0.00012378151586744934 0.0
0.75 0.009968540631234646 0.0
0.75 -0.05730998143553734 0.0
0.75 -4.0609713323647156e-05 0.0
0.75 0.0100485784932971 0.0
0.75 -0.058478035032749176 0.0
0.75 -0.0003892506647389382 0.0
0.39296063780784607 -0.04653661325573921 0.0
0.049794603139162064 0.004554868675768375 0.0
0.0 0.009097191505134106 0.02351868711411953
0.30931681394577026 -0.058749761432409286 0.0
0.75 -0.0016373846447095275 0.0
0.75 -0.04622502624988556 0.0
0.75 0.004147053230553865 0.0
0.75 0.008293292485177517 0.0
0.75 -0.05792753025889397 0.0
0.75 -0.0010940558277070522 0.0
0.75 0.009484795853495598 0.0
0.75 -0.056787099689245224 0.0
0.45515742897987366 -0.0002582278393674642 0.0
0.0873744785785675 -0.045420486479997635 0.0
0.0 0.004291031509637833 0.00883772224187851
0.2743304669857025 0.008763840422034264 0.0
0.75 -0.05723832920193672 0.0
0.75 -0.001093445811420679 0.0
0.75 0.009167613461613655 0.0
0.75 -0.057059433311223984 0.0
0.75 -0.0004260205023456365 0.0
0.75 -0.045723941177129745 0.0
0.75 0.004145060665905476 0.0
0.75 0.008663222193717957 0.0
0.3854174315929413 -0.057396624237298965 0.0
0.06232389062643051 -0.0008103479049168527 0.0
0.0 -0.04486721009016037 0.007167516741901636
0.3339032828807831 0.004205708857625723 0.0
0.75 0.008655724115669727 0.0
0.75 -0.05647185817360878 0.0
0.75 -0.0007401336333714426 0.0
0.75 0.009149063378572464 0.0
0.75 -0.05656201019883156 0.0
0.75 -0.0002696006267797202 0.0
0.75 0.009686739183962345 0.0
0.75 -0.05727464333176613 0.0
0.4617277681827545 -0.00025773412198759615 0.0
0.09306654334068298 -0.0457020066678524 0.0
0.0 0.0043866075575351715 0.008181269280612469
0.269121378660202 0.008807926438748837 0.0
0.75 -0.05757476016879082 0.0
0.75 -0.0011670738458633423 0.0
0.75 0.00915149413049221 0.0
0.75 -0.05731712654232979 0.0
0.75 -0.00048749367124401033 0.0
0.75 -0.04592723026871681 0.0
0.75 0.0040991222485899925 0.0
0.75 0.008676313795149326 0.0
0.38789477944374084 -0.057538650929927826 0.0
0.06510382890701294 -0.0008673914126120508 0.0
0.0 -0.04504404589533806 0.005831728223711252
0.3329481780529022 0.004177723545581102 0.0
0.75 0.008600260131061077 0.0
0.75 -0.05650985985994339 0.0
0.75 -0.0007907479302957654 0.0
0.75 0.009071329608559608 0.0
0.75 -0.05658683180809021 0.0
0.75 -0.0002844527771230787 0.0
0.75 -0.04518155753612518 0.0
0.75 0.004283127840608358 0.0
0.4377273917198181 0.008776671253144741 0.0
0.07349420338869095 -0.05700427666306496 0.0
0.006381579674780369 -0.0008629646035842597 0.0
0.29754117131233215 0.009534432552754879 0.0
0.75 -0.05633605271577835 0.0
0.75 -0.00041454663733020425 0.0
0.75 -0.04584916681051254 0.0
0.75 0.0038282994646579027 0.0
0.75 0.008268472738564014 0.0
0.75 -0.05744779482483864 0.0
0.75 -0.0008175811963155866 0.0
0.7406448125839233 0.009715118445456028 0.0
0.3355741798877716 -0.056590884923934937 0.0
0.020138515159487724 -0.0002635627461131662 0.0
0.0 -0.04549391567707062 0.011180740781128407
0.372748464345932 0.00395922688767314 0.0
0.75 0.008724293671548367 0.0
0.75 -0.05697887763381004 0.0
0.75 -0.0008332485449500382 0.0
0.75 0.00913460273295641 0.0
0.75 -0.057120852172374725 0.0
0.75 -0.00039765588007867336 0.0
0.75 -0.045538946986198425 0.0
0.75 0.004239816218614578 0.0
0.5593923926353455 0.008750038221478462 0.0
0.18085737526416779 -0.057280901819467545 0.0
0.020381715148687363 -0.0009002423612400889 0.0
0.19317679107189178 -0.0449754036962986 0.0
0.6650728583335876 0.004125842358916998 0.0
0.75 0.00852460227906704 0.0
0.75 -0.05658340081572533 0.0
0.75 -0.0007529883878305554 0.0
0.75 0.009170121513307095 0.0
0.75 -0.05642436444759369 0.0
0.75 -0.00019308352784719318 0.0
0.75 -0.03994539752602577 0.0
0.4020119905471802 0.004798202775418758 0.0
0.045219551771879196 0.008041443303227425 0.0
0.0 -0.042412132024765015 0.027464892715215683
0.32360923290252686 -0.0011067208833992481 0.0
0.75 -0.025968002155423164 0.0
0.75 0.003950584679841995 0.0
0.75 0.005065385717898607 0.0
0.75 -0.028854915872216225 0.0
0.75 -0.0005152015364728868 0.0
0.75 -0.016908634454011917 0.0
0.75 0.0027510609943419695 0.0
0.75 0.0033983869943767786 0.0
0.3742060959339142 -0.0189659520983696 0.0
0.01921680010855198 -0.0001573203335283324 0.0
0.0 -0.011003050021827221 0.03906772658228874
0.3200911283493042 0.0018397526582702994 0.0
0.75 0.002289918251335621 0.0
0.75 -0.012378234416246414 0.0
0.75 -4.857905878452584e-05 0.0
0.75 -0.007240656763315201 0.0
0.75 0.0011944440193474293 0.0
0.75 0.0014060416724532843 0.0
0.75 -0.008222316391766071 0.0
0.75 2.434617272228934e-05 0.0
0.3949311077594757 -0.004637650214135647 0.0
0.034547943621873856 0.0008890776080079377 0.0
0.0 -0.0038856479804962873 0.03609396889805794
0.3067655861377716 0.0003082122129853815 0.0
0.75 0.0006626811809837818 0.0
0.75 -0.004114415962249041 0.0
0.75 5.001316822017543e-05 0.0
0.75 -0.002454588422551751 0.0
0.75 0.00037696538493037224 0.0
0.75 0.00045173068065196276 0.0
0.75 -0.0027702581137418747 0.0
0.75 1.2912599231640343e-05 0.0
0.35131433606147766 -0.0015465853502973914 0.0
0.0 0.00029631631332449615 0.007351307198405266
0.0 -0.0013424681965261698 0.04708903282880783
0.33262357115745544 0.0001038123809848912 0.0
0.75 0.0002826921408995986 0.0
0.75 -0.0013791864039376378 0.0
0.75 -6.97007908456726e-06 0.0
0.75 0.0002027143636951223 0.0
0.75 -0.0011532810749486089 0.0
0.75 3.1546536774840206e-05 0.0
0.75 -0.0006306502036750317 0.0
0.75 9.474273974774405e-05 0.0
0.43921801447868347 -0.0005843640537932515 0.0
0.07675960659980774 6.746361759724095e-05 0.0
0.0 6.37188641121611e-05 0.02282475121319294
0.280276358127594 -0.0006121827173046768 0.0
0.75 1.7945181753020734e-05 0.0
0.75 -0.00031411706004291773 0.0
0.75 4.4631087803281844e-05 0.0
0.75 5.791308649349958e-05 0.0
0.75 -0.00042014126665890217 0.0
0.75 1.2300486559979618e-05 0.0
0.75 -0.00018398875545244664 0.0
0.7288901805877686 4.521728624240495e-05 0.0
0.3307618200778961 -0.0001946265547303483 0.0
0.0 -3.139372347504832e-05 0.005570313427597284
0.0 7.973951142048463e-06 0.015593324787914753
0.3747023642063141 -0.0002205447672167793 0.0
0.75 -2.068071444227826e-05 0.0
0.75 2.1724796170019545e-05 0.0
0.75 4.239492773194797e-05 0.0
0.75 -3.147849201923236e-05 0.0
0.75 -0.00013816822320222855 0.0
0.75 5.639970913762227e-05 0.0
0.75 -2.4414670406258665e-05 0.0
0.75 1.866666025307495e-05 0.0
0.5154278874397278 4.40102940046927e-06 0.0
0.14464256167411804 -8.528392208972946e-05 0.0
0.0 -1.134485864895396e-05 0.013638134114444256
0.21544893085956573 -6.413160735974088e-05 0.0
0.720507800579071 2.985890887430287e-06 0.0
0.75 1.8821112462319434e-05 0.0
0.75 -3.209818169125356e-05 0.0
0.75 -4.155780970904743e-06 0.0
0.75 -1.9540188077371567e-05 0.0
0.75 6.50095989840338e-06 0.0
0.75 -9.076699825527612e-06 0.0
0.75 -4.798283407581039e-05 0.0
0.37377968430519104 -1.9080569472862408e-05 0.0
0.01910446397960186 -3.600624040700495e-05 0.0
0.0 -2.6913234250969253e-05 0.034136813133955
0.32579827308654785 -2.4533739633625373e-05 0.0
0.75 -1.688596785243135e-05 0.0
0.75 -9.683188181952573e-06 0.0
0.75 1.1383615856175311e-05 0.0
0.75 -3.658127070593764e-06 0.0
0.75 -1.3656629562319722e-05 0.0
0.75 -1.1246807844145223e-05 0.0
0.75 -2.1682839360437356e-05 0.0
0.75 5.278601520330994e-07 0.0
0.4023626148700714 -3.876282789860852e-05 0.0
0.04143048822879791 7.341635500779375e-05 0.0
0.0 3.426365947234444e-05 0.03400401398539543
0.302246630191803 3.6332626223156694e-06 0.0
0.75 -5.72225617361255e-05 0.0
0.75 -2.9529130188166164e-05 0.0
0.75 1.80759761860827e-05 0.0
0.75 -1.7379437622366822e-06 0.0
0.75 -1.6813941329019144e-05 0.0
0.75 6.959838174225297e-06 0.0
0.75 -2.282675268361345e-05 0.0
0.7422420382499695 -4.7840103434282355e-06 0.0
0.33816108107566833 2.2330897991196252e-05 0.0
0.0 4.5575892727356404e-05 0.012627240270376205
0.0 3.643128729891032e-05 0.03671668842434883
0.3502555191516876 -1.0882489732466638e-05 0.0
0.75 -3.849746644846164e-05 0.0
0.75 -2.792669511109125e-05 0.0
0.75 1.691089892119635e-05 0.0
0.75 1.2301437664063997e-06 0.0
0.75 -1.2778404197888449e-05 0.0
0.75 7.766881935822312e-06 0.0
0.75 -1.8361633919994347e-05 0.0
0.75 -4.209472081129206e-06 0.0
0.4743044674396515 -3.7112647987669334e-05 0.0
0.10846282541751862 7.139064837247133e-05 0.0
0.0 3.4311302442802116e-05 0.01734003983438015
0.251907616853714 0.0003093509003520012 0.0
0.75 0.00029809269472025335 0.0
0.75 4.539441943052225e-05 0.0
0.75 -1.854583933891263e-05 0.0
0.75 -2.1428404579637572e-06 0.0
0.75 -2.998571517309756e-06 0.0
0.75 2.7558136935112998e-05 0.0
0.75 -2.095098898280412e-05 0.0
0.7431108355522156 6.769600076950155e-06 0.0
0.342321515083313 4.710715074907057e-05 0.0
0.0 5.040622636443004e-05 0.006685713771730661
0.0 3.846404797513969e-05 0.03373170644044876
0.3506196141242981 -8.910941460271715e-07 0.0
0.75 -4.015238300780766e-05 0.0
0.75 -2.6784236979437992e-05 0.0
0.75 -5.6817625591065735e-06 0.0
0.75 2.4169225071091205e-05 0.0
0.75 -7.544833806605311e-06 0.0
0.75 2.323017952221562e-06 0.0
0.75 -2.243751623609569e-05 0.0
0.75 -1.561316821607761e-05 0.0
0.47174158692359924 -4.911994437861722e-06 0.0
0.10618272423744202 4.73758191219531e-05 0.0
0.0 5.413830513134599e-05 0.01761571317911148
0.25556841492652893 1.916748624353204e-05 0.0
0.75 -0.0035460940562188625 0.0
0.75 0.00032816341263242066 0.0
0.75 0.0008716931915841997 0.0
0.75 -0.012729417532682419 0.0
0.75 0.0011586516629904509 0.0
0.75 0.0031128765549510717 0.0
0.75 -0.02063978649675846 0.0
0.7451545596122742 0.0013164880219846964 0.0
0.34289583563804626 -0.021609019488096237 0.0
0.0 0.0035732435062527657 0.0035620348062366247
0.0 0.005406305659562349 0.03460480272769928
0.3477894067764282 -0.03204011172056198 0.0
0.75 0.0006932868855074048 0.0
0.75 -0.028416553512215614 0.0
0.75 0.004388228990137577 0.0
0.75 0.006352761294692755 0.0
0.75 -0.03933916985988617 0.0
0.75 0.0006525187054648995 0.0
0.75 0.007574734278023243 0.0
0.75 -0.041402943432331085 0.0
0.5180759429931641 0.0010198429226875305 0.0
0.1449294239282608 -0.03453186899423599 0.0
0.0 0.0053216335363686085 0.005147024989128113
0.21744374930858612 0.007878648117184639 0.0
0.719628095626831 -0.04570671170949936 0.0
0.75 4.3585834646364674e-05 0.0
0.75 0.008116010576486588 0.0
0.75 -0.04684923216700554 0.0
0.75 0.000635251693893224 0.0
0.75 -0.038064148277044296 0.0
0.75 0.005472447257488966 0.0
0.75 0.008351885713636875 0.0
0.4148722290992737 -0.049226365983486176 0.0
0.08602366596460342 2.565661634434946e-05 0.0
0.001157189137302339 -0.0385722890496254 0.0
0.31729742884635925 0.005565563216805458 0.0
0.75 0.008461643941700459 0.0
0.75 -0.049598757177591324 0.0
0.75 -8.516848174622282e-05 0.0
0.75 0.008528542704880238 0.0
0.75 -0.05001602694392204 0.0
0.75 0.0005071768537163734 0.0
0.75 -0.03990582004189491 0.0
0.75 0.0058020977303385735 0.0
0.3671427369117737 0.008784999139606953 0.0
0.006090243346989155 -0.05113529786467552 0.0
0.0 -0.0002941017155535519 0.020695453509688377
0.33645156025886536 -0.03999248147010803 0.0
0.75 0.004432381130754948 0.0
0.75 0.00801123771816492 0.0
0.75 -0.0509507842361927 0.0
0.75 -9.838549158303067e-05 0.0
0.75 0.008750038221478462 0.0
0.75 -0.050872765481472015 0.0
0.75 0.00045639555901288986 0.0
0.75 0.009259870275855064 0.0
0.4791252613067627 -0.05176839232444763 0.0
0.14234808087348938 0.0005259460303932428 0.0
0.007739256601780653 -0.041100479662418365 0.0
0.26415392756462097 0.005696085747331381 0.0
0.75 0.008872540667653084 0.0
0.75 -0.05223686248064041 0.0
0.75 -0.000278198771411553 0.0
0.75 0.008813648484647274 0.0
0.75 -0.0521637499332428 0.0
0.75 0.0003511521499603987 0.0
0.75 -0.041220784187316895 0.0
0.7188341617584229 0.005881471559405327 0.0
0.32329225540161133 0.008941703476011753 0.0
0.0 -0.05252039432525635 0.0038440709467977285
0.024962125346064568 -0.0005287483800202608 0.0
0.40824079513549805 -0.04076637327671051 0.0
0.75 0.004370302893221378 0.0
0.75 0.007975929416716099 0.0
0.75 -0.05173835903406143 0.0
0.75 -0.00024954628315754235 0.0
0.75 0.008747614920139313 0.0
0.75 -0.05146494880318642 0.0
0.75 0.0003928433288820088 0.0
0.75 -0.04075879231095314 0.0
0.47423264384269714 0.005896796006709337 0.0
0.1045568659901619 0.008944738656282425 0.0
0.0 -0.05211537331342697 0.024291956797242165
0.2723763585090637 -0.0006958359153941274 0.0
0.75 -0.0406339131295681 0.0
0.75 0.004460670053958893 0.0
0.75 0.007882467471063137 0.0
0.75 -0.051786646246910095 0.0
0.75 -0.000246496987529099 0.0
0.75 0.00892337691038847 0.0
0.75 -0.051159679889678955 0.0
0.711686909198761 0.0005467425216920674 0.0
0.32641729712486267 -0.03932061418890953 0.0
0.024324486032128334 0.00636937003582716 0.0
0.02717222087085247 0.008741655386984348 0.0
0.406110554933548 -0.052111245691776276 0.0
0.75 -0.0006366198067553341 0.0
0.75 0.008859695866703987 0.0
0.75 -0.05140341445803642 0.0
0.75 0.000412260415032506 0.0
0.75 -0.041209522634744644 0.0
0.75 0.0056317998096346855 0.0
0.75 0.008670547045767307 0.0
0.75 -0.05226729437708855 0.0
0.465157687664032 -0.0002045284054474905 0.0
0.09437859058380127 -0.04031366854906082 0.0
0.0 0.004756763577461243 0.013968388549983501
0.2623234987258911 0.008216948248445988 0.0
0.75 -0.05151677504181862 0.0
0.75 -0.0003099971800111234 0.0
0.75 0.008705184794962406 0.0
0.75 -0.051442358642816544 0.0
0.75 0.0003294526250101626 0.0
0.75 -0.040962181985378265 0.0
0.75 0.0057495590299367905 0.0
0.75 0.008751885034143925 0.0
0.39086979627609253 -0.052042897790670395 0.0
0.06325262039899826 -0.00015145025099627674 0.0
0.0 -0.04040757566690445 0.008464855141937733
0.3283386826515198 0.004427648149430752 0.0
0.75 0.008186427876353264 0.0
0.75 -0.05128846317529678 0.0
0.75 -6.327079609036446e-05 0.0
0.75 0.008690153248608112 0.0
0.75 -0.051472585648298264 0.0
0.75 0.0003987978561781347 0.0
0.75 0.009245109744369984 0.0
0.75 -0.05219621956348419 0.0
0.43846815824508667 0.000466248020529747 0.0
0.0723019391298294 -0.04116658866405487 0.0
0.0 0.0059501901268959045 0.01353395078331232
0.28537264466285706 0.008952575735747814 0.0
0.75 -0.05256776139140129 0.0
0.75 -0.0004846125084441155 0.0
0.75 0.008838125504553318 0.0
0.75 -0.05225604400038719 0.0
0.75 0.00030112083186395466 0.0
0.75 -0.041443873196840286 0.0
0.75 0.00577244907617569 0.0
0.75 0.008812256157398224 0.0
0.37738171219825745 -0.05263091251254082 0.0
0.04965893179178238 -0.00027636982849799097 0.0
0.0 -0.04067336767911911 0.014292300678789616
0.33479347825050354 0.004396637436002493 0.0
0.75 0.008150668814778328 0.0
0.75 -0.05156013369560242 0.0
0.75 -0.00016269941988866776 0.0
0.75 0.008649774827063084 0.0
0.75 -0.05164406821131706 0.0
0.75 0.0003114085120614618 0.0
0.75 -0.04088914021849632 0.0
0.75 0.005835316609591246 0.0
0.4497568607330322 0.008860629983246326 0.0
0.08522268384695053 -0.05211351066827774 0.0
0.0061650583520531654 -0.0003840407298412174 0.0
0.2881508767604828 -0.04051059111952782 0.0
0.75 0.004369296599179506 0.0
0.75 0.008031653240323067 0.0
0.75 -0.051498670130968094 0.0
0.75 -0.0001491911243647337 0.0
0.75 0.008731857873499393 0.0
0.75 -0.05130445584654808 0.0
0.75 0.00039343637763522565 0.0
0.7335852980613708 -0.04064883664250374 0.0
0.34851133823394775 0.005974262487143278 0.0
0.0045078219845891 0.008930869400501251 0.0
0.0 -0.05204741656780243 0.024675868451595306
0.3772798180580139 -0.0007189929019659758 0.0
0.75 0.008964174427092075 0.0
0.75 -0.05118383839726448 0.0
0.75 0.00046483715414069593 0.0
0.75 -0.04136870801448822 0.0
0.75 0.005455557256937027 0.0
0.75 0.00849931687116623 0.0
0.75 -0.05240433290600777 0.0
0.75 -0.00020597843104042113 0.0
0.5614979863166809 -0.040294356644153595 0.0
0.19799046218395233 0.004812208935618401 0.0
0.0 0.008271845057606697 0.0006974376155994833
0.17003628611564636 -0.05175987631082535 0.0
0.6639856696128845 -0.000585908186621964 0.0
0.75 0.00881866179406643 0.0
0.75 -0.051072556525468826 0.0
0.75 0.00043607185943983495 0.0
0.75 -0.04114508628845215 0.0
0.75 0.005564883351325989 0.0
0.75 0.008575781248509884 0.0
0.75 -0.052155908197164536 0.0
0.5308486223220825 -0.00013667427992913872 0.0
0.1632893681526184 -0.040165990591049194 0.0
0.01123768836259842 0.004758763592690229 0.0
0.21746300160884857 0.008187954314053059 0.0
0.7025523781776428 -0.051491133868694305 0.0
0.75 -0.00033053025254048407 0.0
0.75 0.008727255277335644 0.0
0.75 -0.05133791267871857 0.0
0.75 0.00036234091385267675 0.0
0.75 0.009078466333448887 0.0
0.75 -0.052302662283182144 0.0
0.75 0.00045066390885040164 0.0
0.38554373383522034 -0.041231732815504074 0.0
0.04558030515909195 0.006080160848796368 0.0
0.0 0.009004496037960052 0.01879711076617241
0.32011479139328003 -0.05275684967637062 0.0
0.75 -0.0007407849188894033 0.0
0.75 -0.041165925562381744 0.0
0.75 0.004386774264276028 0.0
0.75 0.007756437640637159 0.0
0.75 -0.052254170179367065 0.0
0.75 -0.00024515934637747705 0.0
0.75 0.009059926494956017 0.0
0.75 -0.05139869824051857 0.0
0.46133631467819214 0.0004418028984218836 0.0
0.09345339238643646 -0.04078667610883713 0.0
0.0 0.005881084594875574 0.00884488970041275
0.2693333625793457 0.008828993886709213 0.0
0.75 -0.05200774595141411 0.0
0.75 -0.00046945796930231154 0.0
0.75 0.0087736826390028 0.0
0.75 -0.05182734131813049 0.0
0.75 0.0003403047739993781 0.0
0.75 -0.0412062369287014 0.0
0.75 0.005746152717620134 0.0
0.75 0.008795025758445263 0.0
0.37836340069770813 -0.052347682416439056 0.0
0.051113925874233246 -0.00022694269136991352 0.0
0.0 -0.04051041975617409 0.012828794308006763
0.3351844251155853 0.004422963131219149 0.0
0.75 0.008161544799804688 0.0
0.75 -0.05142515152692795 0.0
0.75 -0.00012640835484489799 0.0
0.75 0.008658275939524174 0.0
0.75 -0.05153963342308998 0.0
0.75 0.0003221894148737192 0.0
0.75 -0.07234872132539749 0.0
0.75 0.0062948414124548435 0.0
0.47801369428634644 0.017560293897986412 0.0
0.11177679896354675 0.001858793431892991 0.0
0.0 -0.005979577545076609 0.01988416165113449
0.24662290513515472 -0.056743916124105453 0.0
0.75 -0.0006406102911569178 0.0
0.75 -0.040711548179388046 0.0
0.75 0.00492342421784997 0.0
0.75 0.007932006381452084 0.0
0.75 -0.05286603420972824 0.0
0.75 -0.00020781747298315167 0.0
0.75 0.00916548166424036 0.0
0.75 -0.051888760179281235 0.0
0.43921878933906555 0.00044851310667581856 0.0
0.07621916383504868 -0.04113548994064331 0.0
0.0 0.005922768730670214 0.007913229055702686
0.2890675663948059 0.008900345303118229 0.0
0.75 -0.052378565073013306 0.0
0.75 -0.0004715834802482277 0.0
0.75 0.008810179308056831 0.0
0.75 -0.0521247535943985 0.0
0.75 0.000341534789185971 0.0
0.75 -0.04138042777776718 0.0
0.75 0.005787640810012817 0.0
0.75 0.00883182417601347 0.0
0.3675910532474518 -0.05254151672124863 0.0
0.03995653986930847 -0.00021979992743581533 0.0
0.0 -0.04061700031161308 0.017709974199533463
0.3402155041694641 0.004409167915582657 0.0
0.75 0.008173895068466663 0.0
0.75 -0.051553837954998016 0.0
0.75 -0.0001306033955188468 0.0
0.75 0.008685224689543247 0.0
0.75 -0.05164314806461334 0.0
0.75 0.00033342017559334636 0.0
0.75 -0.04092221334576607 0.0
0.75 0.005853398237377405 0.0
0.4701627194881439 0.008877146057784557 0.0
0.1033187061548233 -0.05212046951055527 0.0
0.008506251499056816 -0.00033856029040180147 0.0
0.2720463275909424 -0.04056061431765556 0.0
0.75 0.004411109257489443 0.0
0.75 0.008056900463998318 0.0
0.75 -0.05153195559978485 0.0
0.75 -0.00012918429274577647 0.0
0.75 0.00881226733326912 0.0
0.75 -0.05136628821492195 0.0
0.75 0.0004265034513082355 0.0
0.7301083207130432 -0.040735404938459396 0.0
0.3473954498767853 0.00599404564127326 0.0
0.007611779496073723 0.00900187250226736 0.0
0.0 -0.05214502289891243 0.017620516940951347
0.38383278250694275 -0.0006647228146903217 0.0
0.75 0.008980032056570053 0.0
0.75 -0.05122104659676552 0.0
0.75 0.0004991227178834379 0.0
0.75 0.00889121275395155 0.0
0.75 -0.05286649242043495 0.0
0.75 0.00030533468816429377 0.0
0.75 -0.04154074192047119 0.0
0.75 0.005934606306254864 0.0
0.5699703693389893 0.008968658745288849 0.0
0.18917298316955566 -0.05289924144744873 0.0
0.015441793948411942 -0.0003832130751106888 0.0
0.17870305478572845 -0.040957964956760406 0.0
0.6467745304107666 0.004352240823209286 0.0
0.75 0.008075950667262077 0.0
0.75 -0.05190705507993698 0.0
0.75 -0.00020034966291859746 0.0
0.75 0.00876176543533802 0.0
0.75 -0.05173742026090622 0.0
0.75 0.00032631398062221706 0.0
0.75 -0.04090423509478569 0.0
0.4428480863571167 0.005912767257541418 0.0
0.08604299277067184 0.008934231474995613 0.0
0.0 -0.0523027740418911 0.01237889751791954
0.3092843294143677 -0.0007032318389974535 0.0
0.75 -0.040711432695388794 0.0
0.75 0.00443223724141717 0.0
0.75 0.00784579198807478 0.0
0.75 -0.051862508058547974 0.0
0.75 -0.0002607851638458669 0.0
0.75 0.008893007412552834 0.0
0.75 -0.051226068288087845 0.0
0.75 0.0004438385658431798 0.0
0.3467400074005127 -0.040645089000463486 0.0
0.0031134497839957476 0.005974216386675835 0.0
0.0 0.00888366624712944 0.039790570735931396
0.3358892500400543 -0.052049536257982254 0.0
0.75 -0.0006723830010741949 0.0
0.75 0.008808686397969723 0.0
0.75 -0.05141661316156387 0.0
0.75 0.0004180395626462996 0.0
0.75 -0.07589312642812729 0.0
0.75 0.005614104680716991 0.0
0.75 0.01803300715982914 0.0
0.75 0.0018966313218697906 0.0
0.5361421704292297 -0.006155524402856827 0.0
0.16233786940574646 -0.056416865438222885 0.0
0.014817639254033566 -0.00016313059313688427 0.0
0.21265333890914917 -0.0401633158326149 0.0
0.6999765038490295 0.004891325253993273 0.0
0.75 0.008203346282243729 0.0
0.75 -0.05220385640859604 0.0
0.75 -0.00014413315511774272 0.0
0.75 0.008891412056982517 0.0
0.75 -0.05195772275328636 0.0
0.75 0.00039074179949238896 0.0
0.75 -0.04108242690563202 0.0
0.38094639778137207 0.006002671085298061 0.0
0.02414749376475811 0.009036981500685215 0.0
0.0 -0.052504949271678925 0.03562547266483307
0.3423715829849243 -0.0007068002596497536 0.0
0.75 0.008999130688607693 0.0
0.75 -0.051529787480831146 0.0
0.75 0.00045689509715884924 0.0
0.75 -0.04162060096859932 0.0
0.75 0.005508079193532467 0.0
0.75 0.00855377409607172 0.0
0.75 -0.05261974036693573 0.0
0.75 -0.00021540826128330082 0.0
0.47677260637283325 -0.04045606032013893 0.0
0.12445089966058731 0.004818965680897236 0.0
0.0 0.008274857886135578 0.0064479270949959755
0.2502041757106781 -0.051901109516620636 0.0
0.75 -0.0005687547381967306 0.0
0.75 0.008808345533907413 0.0
0.75 -0.05126524344086647 0.0
0.75 0.00041587281157262623 0.0
0.75 0.008937259204685688 0.0
0.75 -0.05258069187402725 0.0
0.75 0.0003609939303714782 0.0
0.75 -0.04133562743663788 0.0
0.4178961217403412 0.006016444880515337 0.0
0.057266686111688614 -0.04020672291517258 0.0
0.0 0.004164783749729395 0.012503838166594505
0.30231034755706787 0.007980786263942719 0.0
0.75 -0.050979405641555786 0.0
0.75 -0.00019705586601048708 0.0
0.75 0.008624342270195484 0.0
0.75 -0.05109428986907005 0.0
0.75 0.0003880313888657838 0.0
0.75 0.009063594043254852 0.0
0.75 -0.052010465413331985 0.0
0.75 0.00047685648314654827 0.0
0.3857501745223999 -0.04104742780327797 0.0
0.04096603021025658 0.006068564020097256 0.0
0.0 0.008983534760773182 0.026799172163009644
0.31376177072525024 -0.05258231237530708 0.0
0.75 -0.0007172049954533577 0.0
0.75 -0.041030775755643845 0.0
0.75 0.004406650085002184 0.0
0.75 0.007744923699647188 0.0
0.75 -0.05217637121677399 0.0
0.75 -0.00022383512987289578 0.0
0.75 0.009049748070538044 0.0
0.75 -0.051320917904376984 0.0
0.45480936765670776 0.0004657320969272405 0.0
0.08775509893894196 -0.04074700549244881 0.0
0.0 -0.014115442521870136 0.0993652269244194
0.0 0.0018311808817088604 0.06536207348108292
0.32198795676231384 -0.043541330844163895 0.0
0.75 0.004458506125956774 0.0
0.75 0.008781486190855503 0.0
0.75 -0.052484653890132904 0.0
0.75 -0.0002357903722440824 0.0
0.75 -0.04106497764587402 0.0
0.75 0.004267328884452581 0.0
0.75 0.00796520709991455 0.0
0.75 -0.05201926827430725 0.0
0.5313947200775146 -8.945968875195831e-05 0.0
0.1555773764848709 -0.04010198637843132 0.0
0.0 0.004649168346077204 0.0026188851334154606
0.20552296936511993 0.008087950758635998 0.0
0.6993203163146973 -0.051371559500694275 0.0
0.75 -0.0003850253706332296 0.0
0.75 0.008656957186758518 0.0
0.75 -0.0435260571539402 0.0
0.75 -3.508263762341812e-05 0.0
0.75 -0.02743411809206009 0.0
0.75 0.0042264568619430065 0.0
0.75 0.005605936050415039 0.0
0.4246765375137329 -0.030389677733182907 0.0
0.08011101931333542 -0.00040657134377397597 0.0
0.0 -0.017863407731056213 0.008502442389726639
0.3001641035079956 0.002885600086301565 0.0
0.75 -0.014612081460654736 0.0
0.75 0.0013072873698547482 0.0
0.75 0.0024599027819931507 0.0
0.75 -0.01593412086367607 0.0
0.75 -6.511993706226349e-05 0.0
0.75 -0.00925831962376833 0.0
0.75 0.0015322559047490358 0.0
0.7036598324775696 0.0018657557666301727 0.0
0.31252241134643555 -0.01049506664276123 0.0
0.0019246769370511174 -2.3165066522778943e-05 0.0
0.020047541707754135 -0.0060141128487885 0.0
0.4188070595264435 0.0010259897680953145 0.0
0.75 0.001261881203390658 0.0
0.75 -0.006832925137132406 0.0
0.75 1.1278617421339732e-05 0.0
0.75 -0.00397757813334465 0.0
0.75 0.0006633803714066744 0.0
0.75 0.0007850164547562599 0.0
0.75 -0.004525058437138796 0.0
0.75 8.562198672734667e-06 0.0
0.4610394239425659 -0.0025438142474740744 0.0
0.09502312541007996 0.0004749541694764048 0.0
0.0 -0.002140043769031763 0.021482814103364944
0.262692928314209 0.0002079950354527682 0.0
0.75 0.0003920788294635713 0.0
0.75 -0.002300143940374255 0.0
0.75 1.2959038031112868e-05 0.0
0.75 -0.001352478633634746 0.0
0.75 0.00022200460080057383 0.0
0.75 0.00026487972354516387 0.0
0.75 -0.0015379271935671568 0.0
0.7376218438148499 7.1170884439197835e-06 0.0
0.3378266990184784 -0.0008707231609150767 0.0
0.0 0.0001688112533884123 0.006281356792896986
0.0 -0.0007389737293124199 0.026675034314393997
0.36000609397888184 6.696283526252955e-05 0.0
0.75 0.0001292079541599378 0.0
0.75 -0.0007874938892200589 0.0
0.75 7.868061402405147e-06 0.0
0.75 0.00013684507575817406 0.0
0.75 -0.0006424830644391477 0.0
0.75 1.0627894880599342e-05 0.0
0.75 -0.00041411197162233293 0.0
0.75 -3.9996859413804486e-05 0.0
0.48827308416366577 -0.0003494822885841131 0.0
0.12075715512037277 3.806496170000173e-05 0.0
0.0 6.670937727903947e-05 0.01607521064579487
0.24045158922672272 -0.00034958551987074316 0.0
0.75 -6.0321517594275065e-06 0.0
0.75 -0.0002001218672376126 0.0
0.75 2.7840946131618693e-05 0.0
0.75 7.283415015990613e-06 0.0
0.75 -0.0002513846557121724 0.0
0.75 -5.3311005103751086e-06 0.0
0.75 -0.00012587130186147988 0.0
0.7476643919944763 2.669645800779108e-05 0.0
0.34625011682510376 -0.00010857035522349179 0.0
0.0 1.0136446690012235e-05 0.006681567989289761
0.0 1.665039781073574e-05 0.0393843799829483
0.3429063558578491 -0.0001168455564766191 0.0
0.75 -3.551634335963172e-06 0.0
0.75 -7.188260497059673e-05 0.0
0.75 1.5715881090727635e-05 0.0
0.75 0.0002423491096124053 0.0
0.75 4.763700417242944e-05 0.0
0.75 -9.540542669128627e-05 0.0
0.75 -3.166231181239709e-05 0.0
0.75 4.79330810776446e-05 0.0
0.4580423831939697 3.294865018688142e-05 0.0
0.09411343187093735 -5.6973276514327154e-05 0.0
0.0 8.307354733005923e-07 0.01890380121767521
0.26730239391326904 -3.2762127375463024e-05 0.0
0.75 6.962099632801255e-06 0.0
0.75 7.7254771895241e-06 0.0
0.75 -3.8447695260401815e-05 0.0
0.75 3.2933621696429327e-06 0.0
0.75 -2.6963401978719048e-05 0.0
0.75 5.436139417724917e-06 0.0
0.75 9.523355402052402e-06 0.0
0.7301691770553589 -3.380879934411496e-05 0.0
0.3325461745262146 3.0735020573047223e-06 0.0
0.0 -1.7991156710195355e-05 0.004413349088281393
0.0 6.856737400084967e-06 0.016466010361909866
0.3727973699569702 -1.759091901476495e-05 0.0
0.75 0.00025994741008616984 0.0
0.75 0.00010686175664886832 0.0
0.75 -1.436139973520767e-05 0.0
0.75 -0.0001509577123215422 0.0
0.75 -0.0002910999464802444 0.0
0.75 -3.920345625374466e-05 0.0
0.75 5.6507964472984895e-05 0.0
0.75 -0.00019915791926905513 0.0
0.532122790813446 -0.0006556026637554169 0.0
0.15914678573608398 -0.00023296193103305995 0.0
0.0 1.6331714505213313e-05 0.012522418051958084
0.19966696202754974 3.742808985407464e-05 0.0
0.6945575475692749 -4.0087164961732924e-05 0.0
0.75 -3.0406816222239286e-05 0.0
0.75 -2.1776741050416604e-05 0.0
0.75 -2.7188070816919208e-05 0.0
0.75 -7.801963874953799e-06 0.0
0.75 -1.2209451597300358e-05 0.0
0.75 -3.3606775104999542e-06 0.0
0.75 -1.3917757542003528e-06 0.0
0.3969123661518097 -1.1335891031194478e-05 0.0
0.04238669201731682 1.0679710840122425e-06 0.0
0.0 -1.8043815543933306e-06 0.025179702788591385
0.313623309135437 -5.580886863754131e-06 0.0
0.75 -5.161688477528514e-06 0.0
0.75 -1.8003271762268014e-08 0.0
0.75 -2.42960072682763e-06 0.0
0.75 -2.764009423117386e-06 0.0
0.75 1.8654047835298115e-06 0.0
0.75 -1.3200918829170405e-06 0.0
0.75 -3.1674921956437174e-06 0.0
0.75 4.496391738939565e-06 0.0
0.35526564717292786 -2.2131084733700845e-06 0.0
0.0 -5.083951464257552e-07 0.0036723706871271133
0.0 8.835117455419095e-07 0.04718441888689995
0.3301108181476593 -6.318075520539423e-07 0.0
0.75 -1.2702122376140323e-06 0.0
0.75 -1.4666900369775249e-06 0.0
0.75 -1.5056652955536265e-06 0.0
0.75 -4.445063837010821e-07 0.0
0.75 -6.397351626219461e-07 0.0
0.75 -6.189355872265878e-07 0.0
0.75 -1.158086320174334e-06 0.0
0.75 3.336586360092042e-06 0.0
0.4325963854789734 -7.26323889921332e-07 0.0
0.070427305996418 -2.2962672119319905e-07 0.0
0.0 2.288134908212669e-07 0.024791976436972618
0.2842564880847931 -4.821596917281568e-07 0.0
0.75 9.429309102415573e-07 0.0
0.75 -6.709034892082855e-07 0.0
0.75 1.1815344436172381e-07 0.0
0.75 -4.939753353028209e-07 0.0
0.75 7.68610786128221e-10 0.0
0.75 -5.400093527896388e-07 0.0
0.75 2.7303186378446753e-09 0.0
0.7299142479896545 -5.273524834592536e-07 0.0
0.33116984367370605 -2.154364864281888e-07 0.0
0.0 -4.077920721101691e-07 0.006381546147167683
0.0 -3.719624430686963e-07 0.017345815896987915
0.37280580401420593 -7.444614880114386e-07 0.0
0.75 -4.338671431014518e-07 0.0
0.75 4.770035388901306e-08 0.0
0.75 3.355801538873493e-07 0.0
0.75 1.6520588985713403e-07 0.0
0.75 -8.493036034451507e-07 0.0
0.75 5.5896311579317626e-08 0.0
0.75 -1.4645929979906214e-07 0.0
0.75 -2.0857152094322373e-07 0.0
0.5120916366577148 3.5498118222676567e-07 0.0
0.141714408993721 -5.268030918159639e-07 0.0
0.0 -1.2107755082979565e-06 0.013927845284342766
0.21853384375572205 -7.309432135116367e-07 0.0
0.7256177067756653 -7.057956850076152e-07 0.0
0.75 2.0042165260747424e-07 0.0
0.75 2.644147514274664e-07 0.0
0.75 -4.57408816600946e-07 0.0
0.75 -5.249311811894586e-07 0.0
0.75 -2.7069640395893657e-07 0.0
0.75 -4.884478244093771e-07 0.0
0.75 -3.9207088775583543e-07 0.0
0.37016499042510986 -5.966545018054603e-07 0.0
0.01545068621635437 7.343915967794601e-06 0.0
0.0 2.6215527668682626e-06 0.03556663542985916
0.3276815712451935 -9.746970135893207e-06 0.0
0.75 -1.7714363593768212e-06 0.0
0.75 -1.722454726404976e-06 0.0
0.75 -8.032071718844236e-07 0.0
0.75 -1.0616375902827713e-06 0.0
0.75 -1.5549177305729245e-06 0.0
0.75 1.938764171427465e-06 0.0
0.75 -3.676163373711461e-07 0.0
0.75 -9.816924375627423e-07 0.0
0.40969303250312805 7.000920732025406e-08 0.0
0.04845033213496208 2.66139545601618e-06 0.0
0.0 1.4320282843982568e-06 0.031785134226083755
0.2978854179382324 1.4409265531867277e-06 0.0
0.75 -1.3180747373553459e-06 0.0
0.75 -5.877489456906915e-06 0.0
0.75 -1.0470901088410756e-06 0.0
0.75 -1.2965006135345902e-06 0.0
0.75 -1.6790237395980512e-06 0.0
0.75 4.653852101910161e-06 0.0
0.75 -1.714516457695936e-07 0.0
0.7337424755096436 -3.431197228564997e-07 0.0
0.33273789286613464 5.631958401863812e-07 0.0
0.0 -3.238063470689667e-07 0.009319867938756943
0.0 -3.428773140967678e-07 0.02391647733747959
0.36565396189689636 -6.516291932712193e-07 0.0
0.75 -4.963355308973405e-07 0.0
0.75 2.822206397468108e-07 0.0
0.75 6.602589905924106e-07 0.0
0.75 -4.770841997014941e-07 0.0
0.75 -3.321245856113819e-07 0.0
0.75 -2.1198606248162832e-07 0.0
0.75 -4.944495231029578e-07 0.0
0.75 -7.752184387754824e-07 0.0
0.5006230473518372 3.06726690268988e-07 0.0
0.13161955773830414 3.0003948268131353e-06 0.0
0.0 -3.0293048780549725e-07 0.01495996955782175
0.22910895943641663 3.9643717286708124e-07 0.0
0.7431842684745789 8.792622452347132e-07 0.0
0.75 -2.677847987797577e-06 0.0
0.75 -4.517424372352252e-07 0.0
0.75 -7.115129960766353e-07 0.0
0.75 -1.2767143289238447e-06 0.0
0.75 -5.55802216695156e-07 0.0
0.75 -1.3739668247580994e-07 0.0
0.75 -4.787657417182345e-07 0.0
0.35805946588516235 -1.1553954664123012e-06 0.0
0.0031639449298381805 5.822390448884107e-06 0.0
0.0 1.5125722256925656e-06 0.04043199121952057
0.3338809907436371 -2.535094608902e-06 0.0
0.75 -2.472149844834348e-06 0.0
0.75 -7.011557840996829e-07 0.0
0.75 0.00011340658238623291 0.0
0.75 4.313296449254267e-05 0.0
0.75 -8.703868843440432e-06 0.0
0.75 -7.12120072421385e-06 0.0
0.75 4.298128146729141e-07 0.0
0.75 7.278589691850357e-06 0.0
0.43348467350006104 9.485612281423528e-06 0.0
0.07124582678079605 -7.513270702474983e-06 0.0
0.0 -0.00010034332808572799 0.025144780054688454
0.28335925936698914 -6.517876317957416e-05 0.0
0.75 -6.57966802464216e-06 0.0
0.75 1.2963592780579347e-05 0.0
0.75 -1.2950181371707004e-05 0.0
0.75 -7.371215815510368e-07 0.0
0.75 0.00034019784652628005 0.0
0.75 -3.9588256186107174e-05 0.0
0.75 0.0008593365200795233 0.0
0.7307799458503723 -0.00012307103315833956 0.0
0.3317837715148926 -0.0002258492459077388 0.0
0.0 0.0008006760035641491 0.00657231779769063
0.0 -2.973566370201297e-05 0.018489954993128777
0.3713532090187073 0.0004888672847300768 0.0
0.75 -0.00010228671453660354 0.0
0.75 -0.000118998323159758 0.0
0.75 0.000569593976251781 0.0
0.75 -1.0265006494591944e-05 0.0
0.75 0.0003297944786027074 0.0
0.75 -6.349201430566609e-05 0.0
0.75 -6.910008960403502e-05 0.0
0.75 0.0003916910500265658 0.0
0.5095417499542236 -3.327909098516102e-06 0.0
0.13946573436260223 0.00021817862580064684 0.0
0.0 -4.3427957280073315e-05 0.014159300364553928
0.22088655829429626 0.00018884781457018107 0.0
0.7295280694961548 -1.9905850422219373e-05 0.0
0.75 -3.4473821870051324e-05 0.0
0.75 0.00019922958745155483 0.0
0.75 -4.379190613690298e-06 0.0
0.75 -3.532043410814367e-05 0.0
0.75 0.00016121512453537434 0.0
0.75 2.6019263259513536e-06 0.0
0.75 9.634208981879056e-05 0.0
0.36748626828193665 -1.3657646377396304e-05 0.0
0.012726221233606339 7.739163265796378e-05 0.0
0.0 -6.2813182921672706e-06 0.03663681074976921
0.3290557563304901 -1.6238560419878922e-05 0.0
0.75 8.803061791695654e-05 0.0
0.75 6.892967121530091e-06 0.0
0.75 5.193719334783964e-05 0.0
0.75 -1.1123106560262386e-05 0.0
0.75 -8.491841981594916e-06 0.0
0.75 5.949832848273218e-05 0.0
0.75 2.246008307338343e-06 0.0
0.75 3.3881344279507175e-05 0.0
0.41506701707839966 -7.3040887400566135e-06 0.0
0.05359460413455963 3.0581941246055067e-05 0.0
0.0 -3.1264569315681e-06 0.03015747480094433
0.2946874797344208 -3.150707925669849e-06 0.0
0.75 0.00022967431868892163 0.0
0.75 -0.00031765055609866977 0.0
0.75 -0.00030371153843589127 0.0
0.75 -4.035126039525494e-05 0.0
0.75 5.294253787724301e-05 0.0
0.75 4.0906739741330966e-05 0.0
0.75 -2.2127194824861363e-05 0.0
0.7327754497528076 8.865197287377669e-07 0.0
0.3323450982570648 -1.1046424333471805e-05 0.0
0.0 1.672482176218182e-05 0.008554650470614433
0.0 -6.5159301811945625e-06 0.022203292697668076
0.36752447485923767 -6.390434464265127e-06 0.0
0.75 1.2335566680121701e-05 0.0
0.75 4.2136983324780886e-07 0.0
0.75 -1.089730085368501e-05 0.0
0.75 1.871033055067528e-05 0.0
0.75 -2.6044147034554044e-06 0.0
0.75 8.523263204551768e-06 0.0
0.75 8.853390909280279e-07 0.0
0.75 7.766300768707879e-06 0.0
0.5036306381225586 2.7989585760224145e-06 0.0
0.1342736780643463 -5.641338702844223e-06 0.0
0.0 1.1376316251698881e-05 0.014679554849863052
0.22635436058044434 3.051630528716487e-06 0.0
0.7385961413383484 3.3121805245173164e-06 0.0
0.75 -4.7086664380913135e-06 0.0
0.75 -1.3274963066578493e-06 0.0
0.75 6.502125415863702e-06 0.0
0.75 -3.849811037071049e-06 0.0
0.75 4.628628630598541e-06 0.0
0.75 2.6394516225991538e-06 0.0
0.75 2.2937042558623943e-06 0.0
0.36116766929626465 6.774615485483082e-06 0.0
0.005959379021078348 -0.00017613843374419957 0.0
0.0 -6.820031558163464e-05 0.0394936241209507
0.3322036862373352 1.2877342669526115e-05 0.0
0.75 5.592052730207797e-06 0.0
0.75 -4.0426110103908286e-07 0.0
0.75 -8.595490726293065e-06 0.0
0.75 -4.748414085042896e-06 0.0
0.75 -1.4741782479177346e-06 0.0
0.75 -9.295974450651556e-06 0.0
0.75 2.156448601908778e-07 0.0
0.75 1.2114285254938295e-06 0.0
0.4280596971511841 0.015010210685431957 0.0
0.06879572570323944 -0.0015654752496629953 0.0
0.0 0.038306646049022675 0.023759236559271812
0.29833054542541504 -0.004147325176745653 0.0
0.75 0.05509273335337639 0.0
0.75 -0.005945413373410702 0.0
0.75 0.07010118663311005 0.0
0.75 -0.004729803651571274 0.0
0.75 -0.01516890712082386 0.0
0.75 0.08483108878135681 0.0
0.75 0.013911028392612934 0.0
0.75 0.10487853735685349 0.0
0.4886600375175476 0.00487853866070509 0.0
0.11403461545705795 0.10207358002662659 0.0
0.03313422575592995 0.0024396332446485758 0.0
0.2686351239681244 0.10243963450193405 0.0
0.75 0.010411085560917854 0.0
0.75 0.11041108518838882 0.0
0.75 0.013631989248096943 0.0
0.75 -0.010487787425518036 0.0
0.75 0.08951221406459808 0.0
0.75 0.03602487966418266 0.0
0.75 0.13602487742900848 0.0
0.75 0.03602487966418266 0.0
0.4620206654071808 0.13097693026065826 0.0
0.197010800242424 0.03097693622112274 0.0
0.0652645155787468 0.11374323815107346 0.0
0.3483089506626129 0.013743237592279911 0.0
0.75 0.11374323815107346 0.0
0.75 0.013743237592279911 0.0
0.75 0.11374323815107346 0.0
0.75 0.013743237592279911 0.0
0.75 -0.02552114613354206 0.0
0.75 0.07447884976863861 0.0
0.75 0.0442424975335598 0.0
0.48092901706695557 0.14424249529838562 0.0
0.25369271636009216 0.0442424975335598 0.0
0.12111611664295197 0.14424249529838562 0.0
0.38880011439323425 0.0442424975335598 0.0
0.75 0.11916830390691757 0.0
0.75 0.019168304279446602 0.0
0.75 0.11267432570457458 0.0
0.75 0.012674328871071339 0.0
0.75 -0.03911784291267395 0.0
0.75 0.06088215857744217 0.0
0.557206928730011 0.04877115413546562 0.0
0.24020670354366302 0.14877115190029144 0.0
0.1989227831363678 0.04877115413546562 0.0
0.32562699913978577 0.14877115190029144 0.0
0.7312901020050049 0.04877115413546562 0.0
0.75 0.12097834050655365 0.0
0.75 0.02097834274172783 0.0
0.75 0.12097834050655365 0.0
0.75 0.02097834274172783 0.0
0.75 -0.030760634690523148 0.0
0.5124737620353699 0.06923936307430267 0.0
0.2395799160003662 0.04661114141345024 0.0
0.12181566655635834 0.14661113917827606 0.0
0.41069287061691284 0.04661114141345024 0.0
0.75 0.14661113917827606 0.0
0.75 0.04661114141345024 0.0
0.75 -0.03903048112988472 0.0
0.75 0.0609695203602314 0.0
0.75 0.04406493529677391 0.0
0.75 0.14406493306159973 0.0
0.6312198638916016 0.04406493529677391 0.0
0.2762710750102997 0.14406493306159973 0.0
0.1535947173833847 0.04406493529677391 0.0
0.2240164428949356 0.13216239213943481 0.0
0.6285416483879089 0.032162390649318695 0.0
0.75 0.11687726527452469 0.0
0.75 0.01687726378440857 0.0
0.75 -0.04360043257474899 0.0
0.75 0.056399568915367126 0.0
0.75 0.050355590879917145 0.0
0.75 0.15035559237003326 0.0
0.5803285837173462 0.050355590879917145 0.0
0.2272011786699295 0.15035559237003326 0.0
0.14626571536064148 0.050355590879917145 0.0
0.26853707432746887 0.1181202381849289 0.0
0.685138463973999 0.018120238557457924 0.0
0.75 0.11096196621656418 0.0
0.75 0.010961965657770634 0.0
0.75 0.11096196621656418 0.0
0.75 0.010961965657770634 0.0
0.75 -0.026978177949786186 0.0
0.7270429730415344 0.07302182167768478 0.0
0.41767504811286926 0.04774000868201256 0.0
0.11711679399013519 0.14774000644683838 0.0
0.18537476658821106 0.04774000868201256 0.0
0.4494435489177704 0.14774000644683838 0.0
0.75 0.04774000868201256 0.0
0.75 0.12273058295249939 0.0
0.75 0.02273058518767357 0.0
0.75 0.11261564493179321 0.0
0.75 0.012615646235644817 0.0
0.75 0.11261564493179321 0.0
0.6808186173439026 0.012615646235644817 0.0
0.3170117735862732 -0.03366387262940407 0.0
0.050990261137485504 0.06633612513542175 0.0
0.145921528339386 0.048731185495853424 0.0
0.5375147461891174 0.14873118698596954 0.0
0.75 0.048731185495853424 0.0
0.75 0.12104859948158264 0.0
0.75 0.021048597991466522 0.0
0.75 -0.03215521201491356 0.0
0.75 0.06784478574991226 0.0
0.75 0.028305863961577415 0.0
0.75 0.09328025579452515 0.0
0.75 0.0037875366397202015 0.0
0.38316550850868225 0.0560966357588768 0.0
0.07833097875118256 -0.002855186350643635 0.0
0.034376125782728195 -0.006422590930014849 0.0
0.3735584020614624 0.08268725126981735 0.0
0.75 0.00737473089247942 0.0
0.75 0.0820460245013237 0.0
0.75 7.052739965729415e-05 0.0
0.75 0.0903770849108696 0.0
0.75 0.004700244404375553 0.0
0.75 -0.013226792216300964 0.0
0.75 0.08677320927381516 0.0
0.75 0.022891394793987274 0.0
0.75 0.1228913962841034 0.0
0.45225781202316284 0.022891394793987274 0.0
0.11156008392572403 0.10979916155338287 0.0
0.11489091068506241 0.009799162857234478 0.0
0.39019662141799927 0.10685400664806366 0.0
0.75 0.006854007951915264 0.0
0.75 0.10685400664806366 0.0
0.75 0.008771074004471302 0.0
0.75 -0.011165459640324116 0.0
0.75 0.08883453905582428 0.0
0.75 0.036543767899274826 0.0
0.75 0.13654376566410065 0.0
0.75 0.036543767899274826 0.0
0.5465383529663086 0.130741685628891 0.0
0.34037864208221436 0.03074168786406517 0.0
0.2019316852092743 0.11227545887231827 0.0
0.4081892967224121 0.012275457382202148 0.0
0.7367428541183472 0.11227545887231827 0.0
0.75 0.012275457382202148 0.0
0.75 -0.027126258239150047 0.0
0.75 0.07287374138832092 0.0
0.75 0.04248657077550888 0.0
0.75 0.142486572265625 0.0
0.75 0.04248657077550888 0.0
0.43558213114738464 0.1410798579454422 0.0
0.2800776958465576 0.04107986018061638 0.0
0.2468823343515396 0.11515480279922485 0.0
0.5431599020957947 0.015154805965721607 0.0
0.75 0.1133854016661644 0.0
0.75 0.013385402038693428 0.0
0.75 -0.03236912563443184 0.0
0.75 0.06763087213039398 0.0
0.75 0.04394771158695221 0.0
0.75 0.14394770562648773 0.0
0.7386715412139893 0.04394771158695221 0.0
0.4252896308898926 0.14394770562648773 0.0
0.29205378890037537 0.04394771158695221 0.0
0.28210845589637756 0.11828046292066574 0.0
0.5824503898620605 0.01828046515583992 0.0
0.75 0.11425437778234482 0.0
0.75 0.014254379086196423 0.0
0.75 0.11425437778234482 0.0
0.75 0.014254379086196423 0.0
0.75 -0.018661892041563988 0.0
0.75 0.08133810758590698 0.0
0.6535313725471497 0.040088217705488205 0.0
0.38896721601486206 0.14008821547031403 0.0
0.35103359818458557 0.040088217705488205 0.0
0.41551095247268677 0.14008821547031403 0.0
0.7158085703849792 0.040088217705488205 0.0
0.75 0.1358034908771515 0.0
0.75 0.03580348566174507 0.0
0.75 0.12409434467554092 0.0
0.75 0.024094341322779655 0.0
0.75 -0.037624213844537735 0.0
0.6014722585678101 0.062375787645578384 0.0
0.42736518383026123 0.04009173810482025 0.0
0.33172476291656494 0.14009173214435577 0.0
0.546908974647522 0.04009173810482025 0.0
0.75 0.14009173214435577 0.0
0.75 0.04009173810482025 0.0
0.75 0.14009173214435577 0.0
0.75 0.04009173810482025 0.0
0.75 0.12357640266418457 0.0
0.75 0.02357640117406845 0.0
0.5477720499038696 -0.04867677390575409 0.0
0.32064878940582275 0.05132322758436203 0.0
0.30528900027275085 0.03906472027301788 0.0
0.5235128402709961 0.1390647143125534 0.0
0.75 0.04173105210065842 0.0
0.75 0.14173105359077454 0.0
0.75 0.04173105210065842 0.0
0.75 0.14173105359077454 0.0
0.75 0.04173105210065842 0.0
0.75 0.11374413222074509 0.0
0.75 0.013744129799306393 0.0
0.6281982660293579 -0.059985604137182236 0.0
0.38918203115463257 0.040014397352933884 0.0
0.2859043776988983 0.0535617433488369 0.0
0.4425877034664154 0.15356174111366272 0.0
0.75 0.0535617433488369 0.0
0.75 0.15356174111366272 0.0
0.75 0.0535617433488369 0.0
0.75 0.1259029656648636 0.0
0.75 0.025902967900037766 0.0
0.75 0.10529083758592606 0.0
0.75 0.005290835630148649 0.0
0.6192061305046082 -0.03385348618030548 0.0
0.3702579736709595 0.06614651530981064 0.0
0.29957470297813416 0.05547811836004257 0.0
0.4297393262386322 0.1554781198501587 0.0
0.75 0.05547811836004257 0.0
0.75 0.14997538924217224 0.0
0.75 0.04997539147734642 0.0
0.75 0.12134420871734619 0.0
0.75 0.02134420908987522 0.0
0.75 0.11113302409648895 0.0
0.75 0.011133022606372833 0.0
0.5484028458595276 0.11113302409648895 0.0
0.3993832767009735 0.011133022606372833 0.0
0.2867511510848999 -0.022820966318249702 0.0
0.4080086946487427 0.07717903703451157 0.0
0.75 0.04289897531270981 0.0
0.75 0.14289897680282593 0.0
0.75 0.04289897531270981 0.0
0.75 0.14289897680282593 0.0
0.75 0.04289897531270981 0.0
0.75 0.1224106177687645 0.0
0.75 0.022410618141293526 0.0
0.5606602430343628 0.10730800032615662 0.0
0.3507094383239746 0.00730800349265337 0.0
0.24065138399600983 -0.03696434572339058 0.0
0.4008689522743225 0.06303565204143524 0.0
0.75 0.052466876804828644 0.0
0.75 0.15246687829494476 0.0
0.75 0.052466876804828644 0.0
0.75 0.14203934371471405 0.0
0.75 0.04203934967517853 0.0
0.75 0.1156645342707634 0.0
0.75 0.015664532780647278 0.0
0.5803455114364624 0.1156645342707634 0.0
0.38151484727859497 0.015664532780647278 0.0
0.22782140970230103 -0.03273949399590492 0.0
0.33987170457839966 0.0672605037689209 0.0
0.695604681968689 0.04758654534816742 0.0
0.75 0.14758653938770294 0.0
0.75 0.04758654534816742 0.0
0.75 0.14758653938770294 0.0
0.75 0.04758654534816742 0.0
0.75 0.11783132702112198 0.0
0.75 0.01783132739365101 0.0
0.6180312037467957 0.1041661724448204 0.0
0.3777714967727661 0.004166170489042997 0.0
0.19049502909183502 -0.035576704889535904 0.0
0.2843867838382721 0.06442329287528992 0.0
0.6307130455970764 0.052918486297130585 0.0
0.75 0.1529184877872467 0.0
0.75 0.05419282615184784 0.0
0.75 0.007470849435776472 0.0
0.75 0.10747084766626358 0.0
0.75 0.04653820022940636 0.0
0.75 0.14653819799423218 0.0
0.7139230370521545 0.04653820022940636 0.0
0.3701450526714325 0.14285258948802948 0.0
0.22141189873218536 0.04285259172320366 0.0
0.2235041707754135 0.11415095627307892 0.0
0.5684128403663635 0.014150954782962799 0.0
0.75 -0.045532021671533585 0.0
0.75 0.054467979818582535 0.0
0.75 0.04681996628642082 0.0
0.75 0.14681996405124664 0.0
0.75 0.04681996628642082 0.0
0.75 0.14136280119419098 0.0
0.6895872354507446 0.04136279597878456 0.0
0.34188371896743774 0.11526570469141006 0.0
0.17162783443927765 0.01526570413261652 0.0
0.193673774600029 0.1081833615899086 0.0
0.5699501037597656 0.008183362893760204 0.0
0.75 -0.03707697615027428 0.0
0.75 0.06292302161455154 0.0
0.75 0.05022009089589119 0.0
0.75 0.1502200961112976 0.0
0.75 0.05022009089589119 0.0
0.75 0.1482245922088623 0.0
0.75 0.04822458699345589 0.0
0.43146076798439026 0.11031895875930786 0.0
0.17451678216457367 0.01031896099448204 0.0
0.07753148674964905 0.10727827996015549 0.0
0.40571317076683044 0.007278282195329666 0.0
0.75 -0.03262200579047203 0.0
0.75 0.06737799197435379 0.0
0.75 0.04713667929172516 0.0
0.75 0.14713667333126068 0.0
0.75 0.04713667929172516 0.0
0.75 0.14713667333126068 0.0
0.75 0.04713667929172516 0.0
0.5728188753128052 0.12291013449430466 0.0
0.3069109320640564 0.022910133004188538 0.0
0.1085127666592598 0.10781724750995636 0.0
0.2928031384944916 0.007817244157195091 0.0
0.6368524432182312 -0.04057938978075981 0.0
0.75 0.05942060798406601 0.0
0.75 0.045225679874420166 0.0
0.75 0.1452256739139557 0.0
0.75 0.045225679874420166 0.0
0.75 0.13715699315071106 0.0
0.75 0.03715698793530464 0.0
0.4803004860877991 0.11309226602315903 0.0
0.22875991463661194 0.013092268258333206 0.0
0.10605563223361969 0.11096315830945969 0.0
0.3799436688423157 0.010963155888020992 0.0
0.75 -0.03501949831843376 0.0
0.75 0.06498049944639206 0.0
0.75 0.04582711681723595 0.0
0.75 0.14582711458206177 0.0
0.75 0.04582711681723595 0.0
0.75 0.14501622319221497 0.0
0.75 0.045016225427389145 0.0
0.49759581685066223 0.11638250946998596 0.0
0.24753260612487793 0.016382509842514992 0.0
0.10902069509029388 0.08186173439025879 0.0
0.3386056423187256 -0.018138261511921883 0.0
0.7409208416938782 -0.02795291505753994 0.0
0.75 0.07204708456993103 0.0
0.75 0.05054732784628868 0.0
0.75 0.017743896692991257 0.0
0.75 0.006029561627656221 0.0
0.75 0.10602956265211105 0.0
0.7073739171028137 0.018721910193562508 0.0
0.3336901068687439 -0.008494083769619465 0.0
0.03255563974380493 0.05342036858201027 0.0
0.07501430809497833 0.002039959654211998 0.0
0.4446711540222168 -0.006717068608850241 0.0
0.75 0.045507047325372696 0.0
0.75 0.0018557951552793384 0.0
0.75 -0.005638892762362957 0.0
0.75 0.03740055859088898 0.0
0.75 0.0008653640397824347 0.0
0.75 0.022708145901560783 0.0
0.75 -0.0030838828533887863 0.0
0.6039493083953857 0.018118131905794144 0.0
0.23956741392612457 -0.0014130419585853815 0.0
0.017789041623473167 -0.002918089972808957 0.0
0.14699609577655792 0.01945551298558712 0.0
0.5865435600280762 0.00034873606637120247 0.0
0.75 0.011331195011734962 0.0
0.75 -0.0017888405127450824 0.0
0.75 -0.002104429295286536 0.0
0.75 0.012757931835949421 0.0
0.75 0.00024389057944063097 0.0
0.75 0.007396188098937273 0.0
0.75 -0.001227764179930091 0.0
0.42762717604637146 -0.0015099437441676855 0.0
0.07570309191942215 0.008305915631353855 0.0
0.0 7.006766099948436e-05 0.008307603187859058
0.3010697662830353 0.004725445061922073 0.0
0.75 -0.0007936356705613434 0.0
0.75 -0.0009358720853924751 0.0
0.75 0.00537551986053586 0.0
0.75 6.599369953619316e-06 0.0
0.75 0.0030598428566008806 0.0
0.75 -0.0005010604509152472 0.0
0.75 0.0025499158073216677 0.0
0.7040209174156189 -0.00021638245380017906 0.0
0.31290578842163086 -0.0004363797779660672 0.0
0.0003424305177759379 0.0027270663995295763 0.0
0.018404541537165642 9.486015187576413e-06 0.0
0.41767600178718567 0.0015620196936652064 0.0
0.75 -0.000248903437750414 0.0
0.75 -0.00029626020113937557 0.0
0.75 0.001778579200617969 0.0
0.75 9.913665962812956e-06 0.0
0.75 0.0010086654219776392 0.0
0.75 -0.00015205651288852096 0.0
0.75 -0.00017376754840370268 0.0
0.75 0.0012665073154494166 0.0
0.4719609320163727 0.00019426817016210407 0.0
0.10490772128105164 0.0006772021297365427 0.0
0.0 -0.00014498365635517985 0.02001304179430008
0.2538470923900604 0.0005191061063669622 0.0
0.75 -1.337168851023307e-05 0.0
0.75 -8.495531074004248e-05 0.0
0.75 0.0005390180158428848 0.0
0.75 -2.571170625742525e-05 0.0
0.75 0.000305746536469087 0.0
0.75 -6.598683830816299e-05 0.0
0.75 -7.471287244698033e-05 0.0
0.7455001473426819 0.00037409085780382156 0.0
0.3441590368747711 -2.115915094691445e-06 0.0
0.0 0.00021288533753249794 0.006949762348085642
0.0 -4.2535437387414277e-05 0.03666313365101814
0.3469543755054474 0.0001769250084180385 0.0
0.75 -1.740373409120366e-05 0.0
0.75 -3.65639352821745e-05 0.0
0.75 0.0001901615905808285 0.0
0.75 2.846471943485085e-06 0.0
0.75 -3.6115328839514405e-05 0.0
0.75 0.0001538064971100539 0.0
0.75 -3.6254868973628618e-06 0.0
0.75 9.051871893461794e-05 0.0
0.4658432900905609 -1.1296392585791182e-05 0.0
0.10103633999824524 7.70782062318176e-05 0.0
0.0 -5.646181307383813e-06 0.018083227798342705
0.2609955668449402 -1.512916151114041e-05 0.0
0.75 7.811278192093596e-05 0.0
0.75 9.519241075395257e-07 0.0
0.75 4.420313416630961e-05 0.0
0.75 -5.817942565045087e-06 0.0
0.75 -8.217417416744865e-06 0.0
0.75 5.342732401913963e-05 0.0
0.75 4.228910711390199e-06 0.0
0.7197427749633789 3.216653931303881e-05 0.0
0.3239656090736389 -4.768905455421191e-06 0.0
0.0 2.2146370611153543e-05 0.00454822788015008
0.0 -6.790005500079133e-07 0.005233010742813349
0.38315385580062866 -4.132648882659851e-06 0.0
0.75 3.085498610744253e-05 0.0
0.75 -5.649740614899201e-06 0.0
0.75 -3.1531840249954257e-06 0.0
0.75 1.954488288902212e-05 0.0
0.75 -4.815081524611742e-07 0.0
0.75 1.3866109839000273e-05 0.0
0.75 1.619961267351755e-06 0.0
0.75 9.208711162500549e-06 0.0
0.45692288875579834 -2.3212548967421753e-06 0.0
0.07870622724294662 4.208431164443027e-06 0.0
0.0 1.3504645721695852e-05 0.04678609222173691
0.23903073370456696 -4.37410290032858e-06 0.0
0.75 8.039815838856157e-06 0.0
0.75 -2.891393478421378e-06 0.0
0.75 -6.207112619449617e-06 0.0
0.75 7.883638318162411e-06 0.0
0.75 9.202952924169949e-07 0.0
0.75 8.3465038187569e-06 0.0
0.75 -4.057074420416029e-06 0.0
0.6862903237342834 5.606285412795842e-06 0.0
0.2875205874443054 3.5179854762645846e-07 0.0
0.0 3.056268951695529e-06 0.021382786333560944
0.01668640412390232 5.688042165274965e-06 0.0
0.421067476272583 -4.600576630764408e-06 0.0
0.75 3.4639806472114287e-06 0.0
0.75 -2.383735818511923e-06 0.0
0.75 -1.220039251847993e-07 0.0
0.75 -2.639907734192093e-06 0.0
0.75 6.207829756021965e-06 0.0
0.75 -3.1846377623878652e-06 0.0
0.75 3.0616024560004007e-07 0.0
0.75 5.795523520646384e-06 0.0
0.32512521743774414 -1.9703836642293027e-06 0.0
0.0 5.438278662950324e-07 0.056986406445503235
0.0 2.1570472199528012e-06 0.08977588266134262
0.2972136437892914 -1.885666591761037e-07 0.0
0.75 1.3112291981087765e-06 0.0
0.75 -1.8168650512961904e-06 0.0
0.75 2.249301331858078e-07 0.0
0.75 -4.043074852688733e-07 0.0
0.75 -3.963551080232719e-06 0.0
0.75 0.001341822906397283 0.0
0.75 0.00205912534147501 0.0
0.6603734493255615 0.00047474500024691224 0.0
0.2642309367656708 -0.00010935869795503095 0.0
0.0 -0.0001336280256509781 0.024888088926672935
0.041638512164354324 0.00019816217536572367 0.0
0.45535820722579956 8.353670273208991e-05 0.0
0.75 2.0348370526335202e-05 0.0
0.75 0.00015572710253763944 0.0
0.75 7.045498477964429e-06 0.0
0.75 9.521428728476167e-05 0.0
0.75 3.0682048191010836e-07 0.0
0.75 -3.3589251415833132e-06 0.0
0.75 1.303020894738438e-06 0.0
0.6651366949081421 1.8087817807099782e-05 0.0
0.2618395686149597 -0.002026375848799944 0.0
0.0 0.00023566042364109308 0.035880930721759796
0.02884465642273426 -0.001511130714789033 0.0
0.4442882239818573 0.0003003410529345274 0.0
0.75 0.0004018268664367497 0.0
0.75 -0.001757423160597682 0.0
0.75 5.7801658840617165e-05 0.0
0.75 0.00035580043913796544 0.0
0.75 -0.0014605122851207852 0.0
0.75 4.388181696413085e-05 0.0
0.75 -0.0008824766264297068 0.0
0.7288267016410828 0.00017121678683906794 0.0
0.304716020822525 -0.0007366195786744356 0.0
0.0 8.747328683966771e-05 0.056792549788951874
0.0 0.00014148600166663527 0.06061588227748871
0.3370814919471741 -0.0008154275128617883 0.0
0.75 8.100913646558183e-07 0.0
0.75 -0.000922658946365118 0.0
0.75 0.00014324601215776056 0.0
0.75 0.00021288832067511976 0.0
0.75 -1.4093379832047503e-05 0.0
0.75 -9.250988659914583e-05 0.0
0.75 -0.00047737377462908626 0.0
0.730954647064209 3.762017149711028e-05 0.0
0.30975085496902466 -0.00022846608771942556 0.0
0.0 4.784450356964953e-05 0.05130039528012276
0.0 4.4642118155024946e-05 0.05965793877840042
0.3352121412754059 -0.0003044386685360223 0.0
0.75 7.969198122736998e-06 0.0
0.75 -0.00015691823500674218 0.0
0.75 4.876922321273014e-05 0.0
0.75 1.3349892469705082e-05 0.0
0.75 -0.00020626395416911691 0.0
0.75 1.3852066331310198e-05 0.0
0.75 -0.00010022579226642847 0.0
0.7243582606315613 1.7435766494600102e-05 0.0
0.3054713010787964 2.5950259441742674e-05 0.0
0.0 -0.0001332111278316006 0.048794012516736984
0.0 -1.9004113482878893e-06 0.049664709717035294
0.3470165431499481 -7.961670053191483e-05 0.0
0.75 1.7507743905298412e-05 0.0
0.75 1.2542061995191034e-05 0.0
0.75 -0.0001259591372217983 0.0
0.75 -0.00010195206414209679 0.0
0.75 -4.495123357628472e-05 0.0
0.75 0.0003600619675125927 0.0
0.75 0.0006257726927287877 0.0
0.7185554504394531 -0.0003150789998471737 0.0
0.30527663230895996 -0.0005877326475456357 0.0
0.0 3.4946955906889343e-07 0.04083378240466118
0.0 0.0002688117092475295 0.03775486722588539
0.35727614164352417 -0.0002149964711861685 0.0
0.75 -0.00015720543160568923 0.0
0.75 -5.047964077675715e-05 0.0
0.75 -5.4012554755900055e-05 0.0
0.75 -3.0368582883966155e-05 0.0
0.75 -3.8920421502552927e-05 0.0
0.75 -3.465567351668142e-05 0.0
0.75 -3.785317312576808e-05 0.0
0.75 -1.172492284240434e-05 0.0
0.32876184582710266 -3.330157051095739e-05 0.0
0.0 -4.1115176827588584e-06 0.05155261978507042
0.0 -3.532693881425075e-05 0.08660866320133209
0.29822611808776855 5.3562139328278136e-06 0.0
0.75 -3.582182398531586e-05 0.0
0.75 -3.976979496655986e-05 0.0
0.75 2.9662405722774565e-05 0.0
0.75 -3.6507499316940084e-05 0.0
0.75 2.2115988031146117e-05 0.0
0.75 -0.0001759938895702362 0.0
0.75 5.825874541187659e-05 0.0
0.6447527408599854 0.000618034799117595 0.0
0.24878785014152527 5.4028019803809e-05 0.0
0.0 0.00021849761833436787 0.028866242617368698
0.052844490855932236 0.0005402563256211579 0.0
0.47012099623680115 0.00043093482963740826 0.0
0.75 0.000658990815281868 0.0
0.75 0.000977097311988473 0.0
0.75 -0.0005603779572993517 0.0
0.75 -0.000631076458375901 0.0
0.75 -0.00038177185342647135 0.0
0.75 -0.000779731955844909 0.0
0.75 -0.000306210684357211 0.0
0.6136296987533569 -0.0005022931727580726 0.0
0.22007247805595398 5.770203279098496e-05 0.0
0.0 2.873987796192523e-05 0.03345434367656708
0.08659125864505768 -6.558347376994789e-05 0.0
0.5220170617103577 -0.00013183038390707225 0.0
0.75 8.315325976582244e-05 0.0
0.75 -0.00011244553024880588 0.0
0.75 0.000140876742079854 0.0
0.75 -0.00012744391278829426 0.0
0.75 -0.00018219838966615498 0.0
0.75 4.410403107613092e-06 0.0
0.75 2.3461755063181045e-06 0.0
0.4260181784629822 7.288260530913249e-05 0.0
0.04024244844913483 1.9429089661571197e-05 0.0
0.0 -6.463586032623425e-05 0.08783502876758575
0.20809003710746765 -7.011706475168467e-05 0.0
0.732192873954773 -7.523666863562539e-05 0.0
0.75 6.582579953828827e-05 0.0
0.75 2.1324360204744153e-05 0.0
0.75 -8.758099284023046e-05 0.0
0.75 -0.00017172189836855978 0.0
0.75 6.570837285835296e-05 0.0
0.75 0.0001996172359213233 0.0
0.5351383090019226 -2.363979092478985e-06 0.0
0.1323871612548828 -8.224799967138097e-05 0.0
0.0 0.00023320929904002696 0.07938379794359207
0.11836348474025726 0.00032643141457811 0.0
0.583761990070343 9.908397623803467e-05 0.0
0.75 -0.0003389473131392151 0.0
0.75 -0.00024261149519588798 0.0
0.75 0.00010563495743554085 0.0
0.75 -5.2741211220563855e-06 0.0
0.75 -5.4392403399106115e-05 0.0
0.75 -0.00014498637756332755 0.0
0.6508544087409973 6.766264959878754e-06 0.0
0.23301108181476593 -4.7637440729886293e-05 0.0
0.0 1.153812809207011e-05 0.0767504870891571
0.0 1.1350691238476429e-05 0.007235151249915361
0.40240126848220825 -6.512029358418658e-05 0.0
0.75 -7.612108674948104e-06 0.0
0.75 7.467482646461576e-06 0.0
0.75 -4.012248245999217e-05 0.0
0.75 -1.5227367384795798e-06 0.0
0.75 -2.7898220650968142e-05 0.0
0.75 3.4241390949318884e-06 0.0
0.75 -2.3615442842128687e-05 0.0
0.5530534982681274 8.043847628869116e-06 0.0
0.13726116716861725 3.9342180571111385e-06 0.0
0.0 -2.633652366057504e-05 0.0980774462223053
0.0788525938987732 2.11707947528339e-06 0.0
0.531472384929657 -1.6054906154749915e-05 0.0
0.75 -5.226594339546864e-07 0.0
0.75 4.7971957428671885e-06 0.0
0.75 -1.6136385966092348e-05 0.0
0.75 -4.748295395984314e-06 0.0
0.75 -8.91700528882211e-06 0.0
0.75 3.011267608599155e-06 0.0
0.75 8.309541954076849e-06 0.0
0.3160690665245056 -1.0737542652350385e-05 0.0
0.0 -4.49168510385789e-06 0.0916326642036438
0.0 -1.2946279639436398e-06 0.14200840890407562
0.23251783847808838 -2.389732344454387e-06 0.0
0.75 -5.15785404786584e-06 0.0
0.75 -2.95790891868819e-06 0.0
0.75 4.115629053558223e-06 0.0
0.75 -6.584309176105307e-06 0.0
0.75 -1.4226952771423385e-06 0.0
0.75 -4.4976982280786615e-06 0.0
0.75 -1.3438767609841307e-07 0.0
0.49575215578079224 5.061608135292772e-06 0.0
0.09348088502883911 -4.550775884126779e-06 0.0
0.0 -1.1533099950611359e-06 0.09149169921875
0.14087741076946259 -1.8739881397777935e-06 0.0
0.6195197105407715 2.6462765845280956e-07 0.0
0.75 -4.830240527553542e-07 0.0
0.75 -4.863504727836698e-06 0.0
0.75 -0.0003716179635375738 0.0
0.75 -0.00033159414306282997 0.0
0.75 -4.7916888433974236e-05 0.0
0.75 3.437411942286417e-05 0.0
0.5904033184051514 1.4905422176525462e-05 0.0
0.1824440360069275 -2.453419983794447e-05 0.0
0.0 -1.3956027032691054e-05 0.07531891763210297
0.058334507048130035 0.0006824046722613275 0.0
0.4904690384864807 0.0019759242422878742 0.0
0.75 0.0007019513286650181 0.0
0.75 -9.586379019310698e-05 0.0
0.75 -0.00019406284263823181 0.0
0.75 3.0111114028841257e-05 0.0
0.75 7.571250171167776e-05 0.0
0.75 8.329682896146551e-05 0.0
0.75 4.95756248710677e-05 0.0
0.3521084189414978 -3.8625523302471265e-05 0.0
0.0 2.4329061488970183e-05 0.05361255630850792
0.0 -2.8443915653042495e-05 0.1306862086057663
0.22034285962581635 1.9077484466833994e-05 0.0
0.75 2.4366725483560003e-05 0.0
0.75 -5.704659633920528e-05 0.0
0.75 7.669073056604248e-06 0.0
0.75 -3.341321280458942e-05 0.0
0.75 9.453794518776704e-06 0.0
0.75 1.0169390407099854e-05 0.0
0.75 -3.875967740896158e-05 0.0
0.4995197057723999 4.964337222190807e-06 0.0
0.09786897897720337 -2.559948006819468e-05 0.0
0.0 4.191530024399981e-06 0.08930344134569168
0.13957716524600983 -1.7149432096630335e-05 0.0
0.6163409948348999 1.5505329429288395e-06 0.0
0.75 -2.2426479517889675e-06 0.0
0.75 -2.263796704937704e-05 0.0
0.75 3.9112600802582165e-07 0.0
0.75 -1.3876539014745504e-05 0.0
0.75 1.9448377770459047e-06 0.0
0.75 -1.4995818276020145e-07 0.0
0.589881181716919 -1.355600579699967e-05 0.0
0.1821856051683426 5.515246812137775e-06 0.0
0.0 -1.4883334188198205e-05 0.07499317824840546
0.06077614799141884 3.1536405913357157e-06 0.0
0.49239635467529297 -5.533318017114652e-06 0.0
0.75 -6.960939344935468e-07 0.0
0.75 -2.4227392714237794e-06 0.0
0.75 -1.2133772543165833e-05 0.0
0.75 1.287185114051681e-06 0.0
0.75 -5.460336979012936e-06 0.0
0.75 1.504103465777007e-06 0.0
0.75 6.018843578203814e-06 0.0
0.33929240703582764 -5.786793281004066e-06 0.0
0.0 -2.2211381747183623e-06 0.06661320477724075
0.0 -3.7859131225559395e-06 0.1334371268749237
0.22618740797042847 2.742645790476672e-07 0.0
0.75 4.080011876794742e-06 0.0
0.75 -9.91805427474901e-06 0.0
0.75 -3.257123580624466e-06 0.0
0.75 -6.237326033442514e-06 0.0
0.75 6.386028871929739e-06 0.0
0.75 3.771298906940501e-06 0.0
0.75 -6.564641807926819e-06 0.0
0.4949730932712555 1.1726593811545172e-06 0.0
0.09543300420045853 5.51721905139857e-06 0.0
0.0 1.4057170574233169e-06 0.08654383569955826
0.1467760056257248 -1.0319131433789153e-05 0.0
0.6271441578865051 -8.99509075225069e-07 0.0
0.75 4.839449047722155e-06 0.0
0.75 -8.353677912964486e-06 0.0
0.75 -2.313213144589099e-06 0.0
0.75 3.6426047245186055e-06 0.0
0.75 -6.564239356521284e-07 0.0
0.75 -6.315021892078221e-07 0.0
0.5877912044525146 -1.7449804090574617e-06 0.0
0.18531344830989838 4.299516604078235e-06 0.0
0.0 2.5825142913049604e-08 0.0648406371474266
0.07468622177839279 5.519589763025579e-07 0.0
0.5082354545593262 -5.2395753300515935e-06 0.0
0.75 -1.7688611251287512e-06 0.0
0.75 -8.507092275067407e-07 0.0
0.75 -1.75599598151166e-06 0.0
0.75 -7.353161777245987e-07 0.0
0.75 4.844591330765979e-06 0.0
0.75 -4.68242524220841e-06 0.0
0.75 3.4774666346493177e-06 0.0
0.3345589339733124 2.0349534679553472e-07 0.0
0.0 2.8726239520437957e-07 0.06365848332643509
0.0 -1.0177425124879846e-08 0.12114566564559937
0.24526986479759216 8.027503639596034e-08 0.0
0.75 2.324053660629488e-08 0.0
0.75 -6.051107902749209e-06 0.0
0.75 -1.6225235413003247e-06 0.0
0.75 4.3100812945340294e-06 0.0
0.75 -3.830963123618858e-06 0.0
0.75 3.1184297313302523e-06 0.0
0.75 -3.620206427967787e-07 0.0
0.53572678565979 3.142259288324567e-07 0.0
0.13987025618553162 -8.483467013320478e-07 0.0
0.0 -4.926034691266068e-08 0.06506414711475372
0.13080072402954102 3.914917215297464e-06 0.0
0.5939968824386597 -3.2054190342023503e-06 0.0
0.75 -3.351104638227298e-08 0.0
0.75 -6.2109811551636085e-06 0.0
0.75 -3.046277754492621e-07 0.0
0.75 3.4485663036321057e-06 0.0
0.75 -6.781553452128719e-07 0.0
0.75 -3.474334562270087e-07 0.0
0.6824172139167786 -3.426624175517645e-07 0.0
0.2672283351421356 3.716936021191941e-07 0.0
0.0 6.8295667006168514e-06 0.06033306568861008
0.0 -5.4904921853449196e-06 0.022228358313441277
0.3816249966621399 -4.200012426736066e-07 0.0
0.75 -7.294317470041278e-07 0.0
0.75 3.8253591583270463e-07 0.0
0.75 -6.161528290249407e-06 0.0
0.75 6.227175930462181e-08 0.0
0.75 2.9137340789020527e-06 0.0
0.75 -3.798383261255367e-07 0.0
0.75 -3.122347891348909e-08 0.0
0.6509501338005066 -6.406343118214863e-07 0.0
0.23381131887435913 4.0797749534249306e-06 0.0
0.0 9.040188615472289e-07 0.06699789315462112
0.014587653800845146 -3.472528760539717e-06 0.0
0.4346591532230377 -4.6325857283591176e-07 0.0
0.75 -2.4956668198683474e-07 0.0
0.75 -4.875792214420471e-08 0.0
0.75 -4.142597845202545e-06 0.0
0.75 -1.4091366438151454e-06 0.0
0.75 3.058703214264824e-06 0.0
0.75 -1.172935526483343e-06 0.0
0.75 -2.3772520307829836e-07 0.0
0.6820526719093323 3.8115888401080156e-06 0.0
0.26031285524368286 8.895732435121317e-07 0.0
0.0 8.303882736981905e-07 0.06879686564207077
0.0 -3.4702873108471977e-06 0.022878408432006836
0.3874913454055786 -4.599824876549974e-07 0.0
0.75 -2.7595044116424106e-07 0.0
0.75 -2.917125243584451e-07 0.0
0.75 -1.56559476494067e-08 0.0
0.75 -5.622308435704326e-06 0.0
0.75 2.7669977953337366e-06 0.0
0.75 -6.729865162924398e-07 0.0
0.75 -4.478608275348961e-07 0.0
0.7258326411247253 3.533906010488863e-06 0.0
0.2942851483821869 3.83928500014008e-06 0.0
0.0 -1.6673766367603093e-06 0.07466557621955872
0.0 -3.929430931748357e-06 0.07769240438938141
0.32054704427719116 3.7114352835487807e-06 0.0
0.75 -3.515551270538708e-06 0.0
0.75 -7.479967507606489e-07 0.0
0.75 -2.0611336992715223e-07 0.0
0.75 -3.1289124535760493e-07 0.0
0.75 -2.445942755002761e-07 0.0
0.75 -6.654958042418002e-07 0.0
0.75 -5.780310630143504e-07 0.0
0.6458181142807007 3.741396540135611e-06 0.0
0.2447376698255539 6.947740871510177e-07 0.0
0.0 1.1183789183633053e-06 0.03924836963415146
0.04434172809123993 6.122460831647913e-07 0.0
0.4636126160621643 -3.640626346168574e-06 0.0
0.75 -2.907148370923096e-07 0.0
0.75 -1.7433794710086659e-06 0.0
0.75 -5.038652943767374e-06 0.0
0.75 1.986796405617497e-06 0.0
0.75 -7.866942723921966e-07 0.0
0.75 3.450099256951944e-06 0.0
0.75 5.455245286611898e-07 0.0
0.6400392651557922 1.0442473694638466e-06 0.0
0.2389037311077118 6.932958172001236e-07 0.0
0.0 5.847621764587529e-07 0.0396551750600338
0.05570322647690773 2.751173724391265e-07 0.0
0.48280760645866394 -3.1561351079290034e-06 0.0
0.75 -2.4577587964813574e-07 0.0
0.75 -4.08517394134833e-07 0.0
0.75 -1.1479910710932018e-07 0.0
0.75 -5.961697411294153e-07 0.0
0.75 -1.1782497644219347e-08 0.0
0.75 1.0210156276002635e-08 0.0
0.75 -9.211959763888444e-07 0.0
0.6273890733718872 3.298116624250724e-08 0.0
0.23554247617721558 6.444975042541046e-06 0.0
0.0 -5.15165368142334e-07 0.024570541456341743
0.0804261788725853 -4.056450052303262e-06 0.0
0.5113356113433838 3.335292220185693e-08 0.0
0.75 -2.544094570566813e-07 0.0
0.75 -6.888809025440423e-07 0.0
0.75 -1.2741638499846886e-07 0.0
0.75 -4.4265075302973855e-06 0.0
0.75 2.955256150016794e-06 0.0
0.75 -7.572517546350355e-08 0.0
0.75 -1.2015236734441714e-06 0.0
0.560185968875885 6.512635081890039e-06 0.0
0.18426649272441864 -1.0846292752830777e-06 0.0
0.0 -3.1252752705768216e-06 0.01336318626999855
0.16258810460567474 4.214267391944304e-06 0.0
0.6300662755966187 -3.3840474316093605e-06 0.0
0.75 1.1855154724571548e-07 0.0
0.75 -7.741078320577799e-07 0.0
0.75 -4.200077910354594e-06 0.0
0.75 2.9153056857467163e-06 0.0
0.75 -6.449400871133548e-07 0.0
0.75 -3.7917362760708784e-07 0.0
0.75 -7.57247335059219e-07 0.0
0.3666498363018036 7.057473794702673e-06 0.0
0.004061674699187279 -1.4846249314359738e-06 0.0
0.0 4.693967809998867e-07 0.05375388264656067
0.31011122465133667 -3.2652656045684125e-06 0.0
0.75 -0.0018753699259832501 0.0
0.75 0.00018105343042407185 0.0
0.75 -0.004763720091432333 0.0
0.75 0.0007148170261643827 0.0
0.75 0.001233813469298184 0.0
0.75 -0.0060098362155258656 0.0
0.75 0.00031328893965110183 0.0
0.75 -0.005180200561881065 0.0
0.33966386318206787 0.0009764632559381425 0.0
0.0 0.0013353554531931877 0.025027737021446228
0.0 -3.0236626116675325e-05 0.058677855879068375
0.3259158730506897 -0.004391580354422331 0.0
0.75 7.975855260156095e-05 0.0
0.75 -0.0022011545952409506 0.0
0.75 0.0004624946741387248 0.0
0.75 0.00047480117063969374 0.0
0.75 -0.002720516873523593 0.0
0.75 2.5235178327420726e-05 0.0
0.75 -0.0015172959538176656 0.0
0.75 0.0002873593766707927 0.0
0.393661230802536 -0.0012917971471324563 0.0
0.027747580781579018 0.0001368965458823368 0.0
0.0 0.00024303176905959845 0.04728524014353752
0.29625460505485535 -0.0014143367297947407 0.0
0.75 -3.9105236737668747e-07 0.0
0.75 -0.0008285945514217019 0.0
0.75 0.0001759438746375963 0.0
0.75 0.00014863033720757812 0.0
0.75 -0.0009924896294251084 0.0
0.75 -2.3793158106855117e-05 0.0
0.75 -0.0005300644552335143 0.0
0.75 9.301278623752296e-05 0.0
0.3428521454334259 9.884678001981229e-05 0.0
0.0 -0.0006241173250600696 0.01678689569234848
0.0 -7.732483936706558e-06 0.0499187707901001
0.3344365954399109 -0.00034709906321950257 0.0
0.75 4.04940037697088e-05 0.0
0.75 6.569708784809336e-05 0.0
0.75 -0.000363013066817075 0.0
0.75 2.0346555174910463e-05 0.0
0.75 -0.0002912969794124365 0.0
0.75 -1.3689944353245664e-05 0.0
0.75 5.6246102758450434e-05 0.0
0.75 -0.0002976062532979995 0.0
0.44469815492630005 1.039578637573868e-05 0.0
0.08269205689430237 -8.794417226454243e-05 0.0
0.0 4.348666698206216e-05 0.019895629957318306
0.2782483696937561 -0.000128925297758542 0.0
0.75 1.1414843356760684e-05 0.0
0.75 2.929270158347208e-05 0.0
0.75 -0.00011548821203177795 0.0
0.75 -1.0539570638457008e-07 0.0
0.75 -7.040634227450937e-05 0.0
0.75 1.6509193301317282e-05 0.0
0.75 9.703873729449697e-06 0.0
0.7282769680023193 -7.898697367636487e-05 0.0
0.33100053668022156 2.937465069408063e-06 0.0
0.0 -3.965050200349651e-05 0.004135170020163059
0.0 5.029992280469742e-06 0.013724138960242271
0.37654903531074524 -3.482535612420179e-05 0.0
0.75 1.0345821692681056e-06 0.0
0.75 -1.7559564469138422e-07 0.0
0.75 -3.897293208865449e-05 0.0
0.75 -3.99433110942482e-06 0.0
0.75 8.058273124333937e-06 0.0
0.75 -2.823149952746462e-05 0.0
0.75 -4.186371825198876e-06 0.0
0.75 -1.3385313650360331e-05 0.0
0.5216245055198669 -3.835988991340855e-06 0.0
0.15004731714725494 -1.1703389645845164e-05 0.0
0.0 7.60042075853562e-06 0.013153024017810822
0.20973753929138184 1.075023646990303e-05 0.0
0.7109358906745911 -2.2485977751784958e-05 0.0
0.75 -2.5353533601446543e-06 0.0
0.75 -8.791884283709805e-06 0.0
0.75 2.6445900402904954e-06 0.0
0.75 5.119533952324673e-08 0.0
0.75 -3.3894862099259626e-06 0.0
0.75 -8.436662710664677e-07 0.0
0.75 -1.3038430779488408e-06 0.0
0.3806484639644623 -8.055452781263739e-06 0.0
0.026054903864860535 5.534549018193502e-06 0.0
0.0 -2.1833725440956187e-06 0.031397778540849686
0.3222593665122986 -1.9270780740043847e-06 0.0
0.75 -1.6037150771808228e-06 0.0
0.75 -5.5683840400888585e-06 0.0
0.75 4.189064839010825e-06 0.0
0.75 -1.315926624556596e-06 0.0
0.75 -5.42804627912119e-06 0.0
0.75 -2.6899717795458855e-06 0.0
0.75 -0.0005711150006391108 0.0
0.75 6.616800965275615e-05 0.0
0.38846728205680847 -0.01958208717405796 0.0
0.03266873210668564 0.0020828028209507465 0.0
0.0 0.004987416323274374 0.03411559388041496
0.3117460608482361 -0.04403512179851532 0.0
0.75 0.002110400004312396 0.0
0.75 0.009463367983698845 0.0
0.75 -0.06336645781993866 0.0
0.75 0.0004738536663353443 0.0
0.75 0.01196784432977438 0.0
0.75 -0.07913313060998917 0.0
0.75 -0.002724760677665472 0.0
0.75 0.015053016133606434 0.0
0.46671608090400696 -0.08494698256254196 0.0
0.1627146303653717 -0.007418277207762003 0.0
0.03268962353467941 0.013251522555947304 0.0
0.269233763217926 -0.08674848079681396 0.0
0.75 -0.011915337294340134 0.0
0.75 0.0095756184309721 0.0
0.75 -0.09042438119649887 0.0
0.75 -0.014205439016222954 0.0
0.75 0.008562562055885792 0.0
0.75 -0.0914374366402626 0.0
0.75 -0.016918251290917397 0.0
0.7312262058258057 0.006967264227569103 0.0
0.328185111284256 -0.09303273260593414 0.0
0.06054730713367462 -0.018267573788762093 0.0
0.03422911465167999 0.006065872963517904 0.0
0.3800354301929474 -0.09393412619829178 0.0
0.75 -0.020443186163902283 0.0
0.75 0.003943131770938635 0.0
0.75 -0.09605687111616135 0.0
0.75 -0.020825210958719254 0.0
0.75 0.004211439285427332 0.0
0.75 -0.09578856080770493 0.0
0.75 -0.021675139665603638 0.0
0.75 0.003851162502542138 0.0
0.44210904836654663 -0.09614884108304977 0.0
0.15351678431034088 -0.021711712703108788 0.0
0.037781789898872375 0.0038327956572175026 0.0
0.28478559851646423 -0.09616720676422119 0.0
0.75 -0.023034457117319107 0.0
0.75 0.0022236285731196404 0.0
0.75 -0.0977763682603836 0.0
0.75 -0.022567301988601685 0.0
0.75 0.003066667355597019 0.0
0.75 -0.09693333506584167 0.0
0.75 -0.022952182218432426 0.0
0.7396872639656067 0.00298208836466074 0.0
0.33094748854637146 -0.09701791405677795 0.0
0.06041869521141052 -0.022616567090153694 0.0
0.024386968463659286 -0.11953581124544144 0.0
0.4399881660938263 -0.019535807892680168 0.0
0.75 0.021584171801805496 0.0
0.75 -0.07841582596302032 0.0
0.75 -0.025409290567040443 0.0
0.75 0.020654261112213135 0.0
0.75 0.02510020323097706 0.0
0.75 -0.07489979267120361 0.0
0.75 -0.03378070890903473 0.0
0.75 -0.13188426196575165 0.0
0.6274100542068481 -0.031884267926216125 0.0
0.22681406140327454 0.03104357048869133 0.0
0.0 -0.06895642727613449 0.023047707974910736
0.12875035405158997 -0.02535301446914673 0.0
0.5650714635848999 -0.0044599417597055435 0.0
0.75 -0.10445994138717651 0.0
0.75 -0.026472607627511024 0.0
0.75 0.0019773312378674746 0.0
0.75 -0.09802266955375671 0.0
0.75 -0.02193812094628811 0.0
0.75 0.0037945217918604612 0.0
0.75 -0.09620548039674759 0.0
0.7201630473136902 -0.023092929273843765 0.0
0.30435362458229065 0.0028660460375249386 0.0
0.0 -0.09713395684957504 0.038511838763952255
0.04450030252337456 -0.02295731008052826 0.0
0.4248163104057312 0.002751725958660245 0.0
0.75 -0.09724827110767365 0.0
0.75 -0.023174382746219635 0.0
0.75 0.002151493215933442 0.0
0.75 -0.09784850478172302 0.0
0.75 -0.023375254124403 0.0
0.75 0.002647907705977559 0.0
0.75 -0.09735209494829178 0.0
0.75 -0.0229969285428524 0.0
0.501956582069397 0.003133971942588687 0.0
0.1243574246764183 -0.09686602652072906 0.0
0.04707835987210274 -0.023150017485022545 0.0
0.2667447030544281 0.002545834518969059 0.0
0.7328687310218811 -0.09745416790246964 0.0
0.75 -0.023361751809716225 0.0
0.75 0.002079517813399434 0.0
0.75 -0.0979204848408699 0.0
0.75 -0.023385679349303246 0.0
0.75 0.0025899962056428194 0.0
0.75 -0.09741000086069107 0.0
0.7229466438293457 -0.023051561787724495 0.0
0.31962263584136963 -0.11998412758111954 0.0
0.07467655837535858 -0.019984126091003418 0.0
0.056581150740385056 0.02315584383904934 0.0
0.3981306254863739 -0.07684415578842163 0.0
0.75 -0.026072464883327484 0.0
0.75 -0.003785064211115241 0.0
0.75 -0.004203448072075844 0.0
0.75 -0.10420344769954681 0.0
0.75 -0.03042120300233364 0.0
0.75 -0.12458668649196625 0.0
0.75 -0.024586686864495277 0.0
0.75 0.028160739690065384 0.0
0.3442446291446686 -0.07183925807476044 0.0
0.029547611251473427 -0.02648436650633812 0.0
0.0 -0.004365967586636543 0.018112801015377045
0.336586058139801 -0.10436596721410751 0.0
0.75 -0.026452897116541862 0.0
0.75 0.002107393927872181 0.0
0.75 -0.09789260476827621 0.0
0.75 -0.021579930558800697 0.0
0.75 0.0037003052420914173 0.0
0.75 -0.09629969298839569 0.0
0.75 -0.02308487892150879 0.0
0.75 0.0027676511090248823 0.0
0.6187223196029663 -0.09723234921693802 0.0
0.30817386507987976 -0.022187674418091774 0.0
0.049987781792879105 0.003730627242475748 0.0
0.11131156235933304 -0.09626936912536621 0.0
0.5571771264076233 -0.02359827421605587 0.0
0.75 0.0018845294835045934 0.0
0.75 -0.098115473985672 0.0
0.75 -0.022713156417012215 0.0
0.75 0.002906360663473606 0.0
0.75 -0.09709364175796509 0.0
0.75 -0.023340819403529167 0.0
0.75 0.002679492812603712 0.0
0.6143737435340881 -0.09732050448656082 0.0
0.31789758801460266 -0.022695496678352356 0.0
0.07270645350217819 0.0032791318371891975 0.0
0.1358071267604828 -0.0967208668589592 0.0
0.5679417848587036 -0.023799508810043335 0.0
0.75 0.0017807127442210913 0.0
0.75 -0.09821929037570953 0.0
0.75 -0.02300497330725193 0.0
0.75 0.0026821703650057316 0.0
0.75 -0.09731782972812653 0.0
0.75 -0.023365775123238564 0.0
0.75 0.0026445072144269943 0.0
0.4695863127708435 -0.09735549241304398 0.0
0.19347333908081055 -0.022845953702926636 0.0
0.06564381718635559 -0.12005922198295593 0.0
0.3560638129711151 -0.020059222355484962 0.0
0.75 0.02189772203564644 0.0
0.75 -0.07810227572917938 0.0
0.75 -0.02569172903895378 0.0
0.75 -0.0033031406346708536 0.0
0.75 -0.10330314189195633 0.0
0.75 -0.025933099910616875 0.0
0.7497097849845886 0.0029010300058871508 0.0
0.3611290156841278 -0.09709896892309189 0.0
0.09663758426904678 -0.020375164225697517 0.0
0.04557646065950394 0.004861170891672373 0.0
0.357854425907135 -0.09513882547616959 0.0
0.75 -0.023059802129864693 0.0
0.75 0.0019943611696362495 0.0
0.75 -0.09800563752651215 0.0
0.75 -0.022068241611123085 0.0
0.75 0.0035998569801449776 0.0
0.75 -0.09640014171600342 0.0
0.75 -0.022742513567209244 0.0
0.7190301418304443 0.0031226431019604206 0.0
0.31283631920814514 -0.09687735885381699 0.0
0.059195809066295624 -0.01945187896490097 0.0
0.047009170055389404 0.005511105991899967 0.0
0.398132860660553 -0.09424646943807602 0.0
0.75 -0.0097121000289917 0.0
0.75 -0.06101074814796448 0.0
0.75 0.003706838935613632 0.0
0.75 0.008297696709632874 0.0
0.75 -0.0639386773109436 0.0
0.75 -0.004986401181668043 0.0
0.75 -0.03929843008518219 0.0
0.75 0.004276754334568977 0.0
0.34177112579345703 0.006617873907089233 0.0
0.0 -0.04100677743554115 0.02307935804128647
0.0 -0.0017142455326393247 0.03834819793701172
0.3396684527397156 -0.02435223199427128 0.0
0.75 0.0033128210343420506 0.0
0.75 0.004453741479665041 0.0
0.75 -0.02636849321424961 0.0
0.75 -0.000620911130681634 0.0
0.75 -0.015389890410006046 0.0
0.75 0.002258414402604103 0.0
0.75 -0.012507221661508083 0.0
0.75 0.0010133995674550533 0.0
0.4632374346256256 0.002088503446429968 0.0
0.0983714759349823 -0.013270191848278046 0.0
0.0 -4.396141957840882e-05 0.01667109690606594
0.2640129625797272 -0.007738507352769375 0.0
0.75 0.001219418365508318 0.0
0.75 0.0015075556002557278 0.0
0.75 -0.008683037012815475 0.0
0.75 -3.639220813056454e-05 0.0
0.75 -0.005026759579777718 0.0
0.75 0.0008899334352463484 0.0
0.75 0.0009772952180355787 0.0
0.7315601706504822 -0.005705692805349827 0.0
0.33421146869659424 -8.291937092508306e-07 0.0
0.0 -0.003171510761603713 0.004060122184455395
0.0 0.0005712205893360078 0.018186071887612343
0.37013328075408936 -0.002711250213906169 0.0
0.75 0.00022751234064344317 0.0
0.75 0.00047426027595065534 0.0
0.75 -0.002914998447522521 0.0
0.75 3.376907261554152e-05 0.0
0.75 -0.0016626021824777126 0.0
0.75 0.0002726712264120579 0.0
0.75 0.00033074337989091873 0.0
0.75 -0.0019254728686064482 0.0
0.5061531066894531 2.3692355171078816e-05 0.0
0.13646315038204193 -0.0010884043294936419 0.0
0.0 0.00022205535788089037 0.014491180889308453
0.2238280475139618 -0.0008999387500807643 0.0
0.7345693707466125 8.770380372880027e-05 0.0
0.75 0.00016642715490888804 0.0
0.75 -0.0009929187363013625 0.0
0.75 -6.204436795087531e-05 0.0
0.75 -4.369288490124745e-06 0.0
0.75 -0.0008773646550253034 0.0
0.75 3.779369581025094e-05 0.0
0.75 -0.0005185152986086905 0.0
0.36406180262565613 9.913567919284105e-05 0.0
0.009269089438021183 -0.00036941340658813715 0.0
0.0 5.698662789654918e-05 0.03799090161919594
0.3308250308036804 8.851679740473628e-05 0.0
0.75 -0.0005360688082873821 0.0
0.75 2.844418486347422e-05 0.0
0.75 -0.00026611925568431616 0.0
0.75 4.277128027752042e-05 0.0
0.75 9.805391891859472e-05 0.0
0.75 -0.0002646119683049619 0.0
0.75 4.980720859748544e-06 0.0
0.75 -0.00015524232003372163 0.0
0.42203065752983093 8.822979725664482e-05 0.0
0.06026441231369972 -0.0002268374664708972 0.0
0.0 -8.294134204334114e-06 0.02805902063846588
0.2905195653438568 7.540228398283944e-05 0.0
0.75 -0.0001081302179954946 0.0
0.75 -5.0189464673167095e-05 0.0
0.75 -4.778337097377516e-05 0.0
0.75 -0.00010807477519847453 0.0
0.75 7.911023567430675e-05 0.0
0.75 -0.00013831646356265992 0.0
0.75 -2.6594480004860088e-05 0.0
0.7317306995391846 -4.8865822463994846e-05 0.0
0.333326518535614 -0.0010751374065876007 0.0
0.0 -0.000979179865680635 0.006475889589637518
0.0 -0.00020386885444168001 0.020396750420331955
0.36866942048072815 8.580274879932404e-05 0.0
0.75 -6.3448110267927404e-06 0.0
0.75 -6.458673306042328e-05 0.0
0.75 -3.501370520098135e-05 0.0
0.75 -3.617746915551834e-05 0.0
0.75 -2.4705428586457856e-05 0.0
0.75 -9.926087841449771e-06 0.0
0.75 5.02080013120576e-07 0.0
0.75 -1.979423177544959e-05 0.0
0.5045105814933777 3.553162605385296e-05 0.0
0.13503658771514893 -1.3194550774642266e-05 0.0
0.0 -1.5799319953657687e-05 0.014625318348407745
0.2255084216594696 -3.0481667636195198e-05 0.0
0.737217128276825 3.7533951399382204e-05 0.0
0.75 -8.947564310801681e-06 0.0
0.75 1.7387550542480312e-05 0.0
0.75 -1.4582848052668851e-05 0.0
0.75 -1.8649128833203577e-05 0.0
0.75 2.2417050331569044e-06 0.0
0.75 -1.507047545601381e-05 0.0
0.75 5.854466508026235e-05 0.0
0.3622276484966278 3.6720488424180076e-05 0.0
0.007395721971988678 -5.27382580912672e-05 0.0
0.0 -2.8097956601413898e-05 0.03875868767499924
0.3317555785179138 -4.099950388081197e-07 0.0
0.75 6.0312228015391156e-05 0.0
0.75 4.204927336104447e-06 0.0
0.75 0.002073553390800953 0.0
0.75 -0.00026566951419226825 0.0
0.75 -0.00048082598368637264 0.0
0.75 0.005455479957163334 0.0
0.75 -0.0005077526438981295 0.0
0.75 0.006796995177865028 0.0
0.4266881048679352 -0.0011451866012066603 0.0
0.06469987332820892 0.008402194827795029 0.0
0.0 -0.001226368942297995 0.026003291830420494
0.28809845447540283 -0.002056124387308955 0.0
0.75 0.012332571670413017 0.0
0.75 -0.0004814503190573305 0.0
0.75 0.011152008548378944 0.0
0.75 -0.0018318404909223318 0.0
0.75 -0.0025995683390647173 0.0
0.75 0.013871977105736732 0.0
0.75 -0.0003878378192894161 0.0
0.7349743247032166 0.008016617968678474 0.0
0.33477160334587097 -0.0016123868990689516 0.0
0.0 0.00682814372703433 0.008198505267500877
0.0 -0.000748778460547328 0.024622619152069092
0.36358723044395447 -0.0013521375367417932 0.0
0.75 0.007451192941516638 0.0
0.75 -8.154413808370009e-05 0.0
0.75 0.004480179864913225 0.0
0.75 -0.0007142696413211524 0.0
0.75 -0.0009090763633139431 0.0
0.75 0.005063408985733986 0.0
0.75 5.039561074227095e-06 0.0
0.75 0.0028662513941526413 0.0
0.49707961082458496 -0.0005507595487870276 0.0
0.12846848368644714 0.002446383936330676 0.0
0.0 -0.0002395795745542273 0.01525132916867733
0.23237435519695282 -0.00047411996638402343 0.0
0.7485817074775696 0.0024114723782986403 0.0
0.75 1.9375071133254096e-05 0.0
0.75 -0.00038396898889914155 0.0
0.75 -0.0011153446976095438 0.0
0.75 0.00035506958374753594 0.0
0.75 0.00042951107025146484 0.0
0.75 0.00011148300109198317 0.0
0.75 -2.914684228016995e-05 0.0
0.3544500768184662 -5.4261996410787106e-05 0.0
0.0 -1.772010000422597e-05 0.0002677285810932517
0.0 2.047685848083347e-05 0.04159121587872505
0.3357904255390167 1.5112087567104027e-05 0.0
0.75 6.007500633131713e-05 0.0
0.75 1.824969513108954e-05 0.0
0.75 -3.761169864446856e-05 0.0
0.75 0.00023228369536809623 0.0
0.75 -0.00031296772067435086 0.0
0.75 4.068813723279163e-05 0.0
