-515.2499389648438 240.95675659179688 0.22804254293441772
-515.2499389648438 240.95675659179688 0.1643425077199936
-515.2499389648438 240.95675659179688 0.07614251971244812
-515.2499389648438 240.95675659179688 0.010173930786550045
-515.2499389648438 240.95675659179688 -0.017045916989445686
-515.2499389648438 240.95675659179688 -0.025195101276040077
-515.2499389648438 240.95675659179688 -0.024686144664883614
-515.2499389648438 240.95675659179688 -0.020829791203141212
-515.2499389648438 240.95675659179688 -0.016186846420168877
-515.2498168945312 240.96365356445312 -0.011928500607609749
-515.2490844726562 241.01278686523438 -0.008565464057028294
-515.2479858398438 241.09927368164062 -0.0059596821665763855
-515.2464599609375 241.2158966064453 -0.00398115161806345
-515.2431030273438 241.35714721679688 -0.002500629285350442
-515.2398071289062 241.5199432373047 -0.0014142036670818925
-515.2366333007812 241.70242309570312 -0.0006369972252286971
-515.233154296875 241.90345764160156 -8.531570347258821e-05
-515.2293090820312 242.1224365234375 0.0003030586231034249
-515.22509765625 242.3589630126953 0.0005741309723816812
-515.21826171875 242.6126251220703 0.0009567832457832992
-515.211181640625 242.8826904296875 0.001233501359820366
-515.2047119140625 243.1590576171875 0.0014000892406329513
-515.197998046875 243.44363403320312 0.0014800452627241611
-515.1908569335938 243.739501953125 0.0015046501066535711
-515.180908203125 244.0502166748047 0.0014964103465899825
-515.170166015625 244.37831115722656 0.0014781379140913486
-515.15966796875 244.72293090820312 0.0014476203359663486
-515.1485595703125 245.08531188964844 0.0014106559101492167
-515.1365356445312 245.46702575683594 0.0013767433119937778
-515.1209106445312 245.86643981933594 0.0013651465997099876
-515.1038208007812 246.28468322753906 0.0013646126026287675
-515.0869750976562 246.721435546875 0.001347942277789116
-515.0659790039062 247.17727661132812 0.0013335227267816663
-515.0432739257812 247.653076171875 0.0013324928004294634
-515.0204467773438 248.1485137939453 0.001316661830060184
-514.9930419921875 248.6619873046875 0.0013152504106983542
-514.9635009765625 249.19317626953125 0.0013352775713428855
-514.9338989257812 249.74180603027344 0.001335201202891767
-514.9031372070312 250.30747985839844 0.001329936902038753
-514.8673706054688 250.88943481445312 0.0013418006710708141
-514.8289184570312 251.4877471923828 0.00137071602512151
-514.7864990234375 252.1022186279297 0.0013842200860381126
-514.7417602539062 252.73294067382812 0.0013996314955875278
-514.6962280273438 253.3799285888672 0.0013935661409050226
-514.6448974609375 254.0425262451172 0.0013956259936094284
-514.5902709960938 254.720947265625 0.0014163398882374167
-514.5347290039062 255.41554260253906 0.0014125632587820292
-514.473388671875 256.12548828125 0.0014122199499979615
-514.4083251953125 256.85107421875 0.0014307594392448664
-514.3380126953125 257.5921630859375 0.0014384269015863538
-514.2642822265625 258.3489074707031 0.0014496803050860763
-514.1888427734375 259.12152099609375 0.0014381217770278454
-514.1068115234375 259.90911865234375 0.0014350318815559149
-514.0200805664062 260.7120666503906 0.0014533805660903454
-513.9274291992188 261.5301208496094 0.0014611625811085105
-513.8306274414062 262.36358642578125 0.0014721488114446402
-513.7275390625 263.21197509765625 0.001472530304454267
-513.61962890625 264.0755310058594 0.0014815330505371094
-513.5048828125 264.95391845703125 0.0014828682178631425
-513.3849487304688 265.84735107421875 0.0014925193972885609
-513.2579345703125 266.75537109375 0.0014935493236407638
-513.1253662109375 267.6783142089844 0.0015026663895696402
-512.9852905273438 268.6156921386719 0.0015033911913633347
-512.8394165039062 269.5678405761719 0.0015120886964723468
-512.6857299804688 270.53424072265625 0.0015125083737075329
-512.5257568359375 271.5152587890625 0.001520938822068274
-512.3577270507812 272.5103759765625 0.0015213584993034601
-512.18310546875 273.5199279785156 0.0015296745114028454
-512.0 274.5434265136719 0.0015300560044124722
-511.81011962890625 275.58111572265625 0.0015384482685476542
-511.61126708984375 276.6325378417969 0.001538944197818637
-511.40521240234375 277.697998046875 0.0015473365783691406
-511.19000244140625 278.7770080566406 0.0015481376321986318
-510.9670715332031 279.8699035644531 0.0015567969530820847
-510.7345886230469 280.9760437011719 0.0015575599391013384
-510.4902648925781 282.0948181152344 0.001579074771143496
-510.2381591796875 283.2272644042969 0.0015949821099638939
-509.9762268066406 284.37274169921875 0.0015891456278041005
-509.70526123046875 285.5314636230469 0.0015915489057078958
-509.42333984375 286.7027587890625 0.0015910147922113538
-509.12823486328125 287.88580322265625 0.0016133307944983244
-508.8240966796875 289.0819091796875 0.0016295432578772306
-508.5090637207031 290.2903747558594 0.0016238212119787931
-508.1802673339844 291.5102233886719 0.0016370200319215655
-507.8414001464844 292.7425842285156 0.0016494177980348468
-507.4906921386719 293.9867858886719 0.0016441154293715954
-507.1256103515625 295.2418518066406 0.0016580390511080623
-506.7497253417969 296.5090026855469 0.0016700935084372759
-506.36138916015625 297.78753662109375 0.0016644858988001943
-505.9580993652344 299.0763854980469 0.0016773795941844583
-505.54339599609375 300.3768615722656 0.0016883659409359097
-505.1156005859375 301.688232421875 0.0016821479657664895
-504.67236328125 303.0093994140625 0.0016946219839155674
-504.21697998046875 304.3417053222656 0.001704959780909121
-503.7479553222656 305.684326171875 0.0016991232987493277
-503.2629699707031 307.0362243652344 0.0017111015040427446
-502.7619323730469 308.39727783203125 0.001733226701617241
-502.2481994628906 309.7688903808594 0.0017411613371223211
-501.7198791503906 311.1500549316406 0.0017300605541095138
-501.1745300292969 312.5394592285156 0.0017393684247508645
-500.6119689941406 313.93701171875 0.0017617224948480725
-500.0356140136719 315.34417724609375 0.0017708014929667115
-499.44378662109375 316.7600402832031 0.0017605781322345138
-498.8340759277344 318.1832275390625 0.0017694663256406784
-498.2065124511719 319.6136169433594 0.001790714217349887
-497.5641784667969 321.05279541015625 0.001798496232368052
-496.90545654296875 322.4997253417969 0.0017878913786262274
-496.2281494140625 323.9530334472656 0.0017960929544642568
-495.53228759765625 325.41253662109375 0.0018166541121900082
-494.81793212890625 326.8782043457031 0.0018350791651755571
-494.087646484375 328.3514404296875 0.0018376349471509457
-493.33978271484375 329.8310852050781 0.0018247031839564443
-492.572265625 331.3155822753906 0.0018326377030462027
-491.7850341796875 332.8047180175781 0.0018533896654844284
-490.9782409667969 334.2984313964844 0.0018737983191385865
-490.15191650390625 335.79638671875 0.0018887519836425781
-489.30816650390625 337.2999267578125 0.0018904304597526789
-488.44573974609375 338.8074951171875 0.0018794441130012274
-487.5627136230469 340.3175354003906 0.0018902778392657638
-486.65924072265625 341.8296813964844 0.0019139288924634457
-485.73553466796875 343.34381103515625 0.0019362830789759755
-484.7916564941406 344.8596496582031 0.0019530677236616611
-483.8273010253906 346.3765563964844 0.0019666862208396196
-482.8446044921875 347.8959045410156 0.0019684790167957544
-481.84234619140625 349.41619873046875 0.0019602011889219284
-480.8189697265625 350.9359436035156 0.001971721649169922
-479.7746276855469 352.4546813964844 0.0019946859683841467
-478.7095947265625 353.9725341796875 0.0020157049875706434
-477.6239318847656 355.4891357421875 0.0020307349041104317
-476.51751708984375 357.0038146972656 0.002043666783720255
-475.39208984375 358.5133361816406 0.002077503129839897
-474.2526550292969 360.01080322265625 0.002160739852115512
-473.10693359375 361.490966796875 0.002278880914673209
-471.9577331542969 362.9491271972656 0.0023993109352886677
-470.805419921875 364.3825988769531 0.0025227165315300226
-469.64971923828125 365.7918395996094 0.002624721499159932
-468.4885559082031 367.1793518066406 0.0026838493067771196
-467.32061767578125 368.5503845214844 0.0026854132302105427
-466.1422119140625 369.9071350097656 0.0026438713539391756
-464.9498596191406 371.2506408691406 0.002598781604319811
-463.74212646484375 372.5829162597656 0.002552471123635769
-462.5179138183594 373.9058837890625 0.002500896342098713
-461.27642822265625 375.2207336425781 0.0024450873024761677
-460.0185852050781 376.53021240234375 0.0023781394120305777
-458.7431640625 377.83404541015625 0.002307262271642685
-457.4486083984375 379.1309814453125 0.002260227221995592
-456.1348876953125 380.4213562011719 0.0022310828790068626
-454.8020324707031 381.7055358886719 0.0022075462620705366
-453.4500427246094 382.9836120605469 0.0021854208316653967
-452.0788269042969 384.2552795410156 0.0021672630682587624
-450.6891784667969 385.5192565917969 0.002161655342206359
-449.2857971191406 386.7742004394531 0.0021801567636430264
-447.8751220703125 388.0135192871094 0.002242565155029297
-446.46234130859375 389.2311706542969 0.002357425633817911
-445.0505065917969 390.42535400390625 0.002483692020177841
-443.64056396484375 391.595703125 0.0025908087845891714
-442.2312927246094 392.7434387207031 0.0026603888254612684
-440.8205871582031 393.8727111816406 0.0026751516852527857
-439.404052734375 394.9849853515625 0.0026451682206243277
-437.9776916503906 396.08099365234375 0.002608394483104348
-436.53936767578125 397.1625671386719 0.0025676535442471504
-435.0875244140625 398.2314453125 0.0025189018342643976
-433.6221923828125 399.2910461425781 0.002452373504638672
-432.1418762207031 400.34124755859375 0.002375965006649494
-430.64501953125 401.38104248046875 0.002320079831406474
-429.13128662109375 402.4107971191406 0.0022804068867117167
-427.6003112792969 403.4309997558594 0.002246799413114786
-426.05206298828125 404.44183349609375 0.002215747721493244
-424.48626708984375 405.4429626464844 0.0021888541523367167
-422.9026794433594 406.4342346191406 0.0021671485155820847
-421.3025207519531 407.41748046875 0.0021439932752400637
-419.6881408691406 408.38970947265625 0.00213731755502522
-418.0661926269531 409.3451232910156 0.00220178603194654
-416.44482421875 410.27984619140625 0.0023223685566335917
-414.8290100097656 411.1920471191406 0.002455806592479348
-413.2205810546875 412.08123779296875 0.002571964170783758
-411.619873046875 412.9497985839844 0.0026463125832378864
-410.0232849121094 413.79779052734375 0.0026706503704190254
-408.4256896972656 414.6253356933594 0.002672023605555296
-406.8233947753906 415.4342956542969 0.002654018346220255
-405.2135009765625 416.2262878417969 0.002616786863654852
-403.5947570800781 417.0051574707031 0.002554035047069192
-401.96490478515625 417.7707824707031 0.002475948305800557
-400.32220458984375 418.5223083496094 0.0024133489932864904
-398.6656494140625 419.26025390625 0.002363834297284484
-396.99462890625 419.9853515625 0.002318897284567356
-395.30877685546875 420.6978759765625 0.0022768210619688034
-393.6077575683594 421.39776611328125 0.0022381399758160114
-391.8919982910156 422.0872497558594 0.002196407178416848
-390.16107177734375 422.7649841308594 0.002151927910745144
-388.41461181640625 423.4291687011719 0.0021319007501006126
-386.6529846191406 424.07958984375 0.002129573840647936
-384.87945556640625 424.7154235839844 0.0021533393301069736
-383.102294921875 425.333984375 0.002224445343017578
-381.33001708984375 425.9327392578125 0.00233770371414721
-379.56756591796875 426.5104064941406 0.002462367992848158
-377.8173828125 427.06890869140625 0.0025664709974080324
-376.07843017578125 427.6070556640625 0.0026334188878536224
-374.34716796875 428.1238098144531 0.002677173586562276
-372.61907958984375 428.6203308105469 0.0026898765936493874
-370.890625 429.1003723144531 0.002661380684003234
-369.1583251953125 429.5639343261719 0.002600345527753234
-367.41949462890625 430.0101318359375 0.0025425530038774014
-365.6722717285156 430.43963623046875 0.002488040830940008
-363.9151916503906 430.8533020019531 0.002433338202536106
-362.1471252441406 431.25152587890625 0.00237726210616529
-360.3674011230469 431.63427734375 0.002324237721040845
-358.5758361816406 432.0040588378906 0.0022677420638501644
-356.7719421386719 432.3596496582031 0.0022102545481175184
-354.9555358886719 432.6990966796875 0.002177982358261943
-353.12646484375 433.0226135253906 0.002162570832297206
-351.2847595214844 433.3304443359375 0.0021512031089514494
-349.4306945800781 433.6224365234375 0.0021417427342385054
-347.5675354003906 433.89788818359375 0.002154941437765956
-345.7037353515625 434.1553955078125 0.0022210502065718174
-343.84832763671875 434.39410400390625 0.0023330114781856537
-342.0065612792969 434.6162109375 0.002450542291626334
-340.18035888671875 434.8206481933594 0.00254758819937706
-338.3690185546875 435.0060119628906 0.002630634233355522
-336.56939697265625 435.1729736328125 0.0026795004960149527
-334.77667236328125 435.3223876953125 0.002681789454072714
-332.98663330078125 435.45660400390625 0.002639980288222432
-331.1959228515625 435.5755615234375 0.0025697897654026747
-329.40203857421875 435.6791687011719 0.002496700268238783
-327.6028747558594 435.7686767578125 0.002422008430585265
-325.7967224121094 435.8453674316406 0.002343578264117241
-323.982421875 435.9105224609375 0.002262859372422099
-322.1591796875 435.9650573730469 0.0021835898514837027
-320.3263244628906 436.0098876953125 0.0021091268863528967
-318.4835205078125 436.0458068847656 0.0020409582648426294
-316.63043212890625 436.0738220214844 0.001979389227926731
-314.7668762207031 436.09478759765625 0.0019239234970882535
-312.89300537109375 436.1094970703125 0.001875820104032755
-311.01165771484375 436.11859130859375 0.0018522071186453104
-309.13031005859375 436.122802734375 0.0018770408350974321
-307.2579040527344 436.1230773925781 0.00195055000949651
-305.4000244140625 436.1201171875 0.0020449256990104914
-303.55889892578125 436.1142883300781 0.002132739871740341
-301.7336730957031 436.1060791015625 0.002195110311731696
-299.9209289550781 436.0959777832031 0.002216281834989786
-298.1156921386719 436.08428955078125 0.0021959494333714247
-296.3135986328125 436.07122802734375 0.002146167680621147
-294.5110778808594 436.05706787109375 0.0020794104784727097
-292.7053527832031 436.0421447753906 0.0020051763858646154
-290.894287109375 436.0264892578125 0.0019312476506456733
-289.07635498046875 436.0104064941406 0.0018615149892866611
-287.2503356933594 435.99432373046875 0.0017962073907256126
-285.4153747558594 435.9783020019531 0.0017381476936861873
-283.57098388671875 435.96240234375 0.0016884040087461472
-281.7166748046875 435.94671630859375 0.00164709088858217
-279.8522033691406 435.9313659667969 0.0016134452307596803
-277.9776611328125 435.91632080078125 0.001588153769262135
-276.0960998535156 435.9018249511719 0.001590785919688642
-274.2155456542969 435.88787841796875 0.0016492652939632535
-272.3448486328125 435.87457275390625 0.0017556189559400082
-270.4891052246094 435.86187744140625 0.0018779182573780417
-268.6503601074219 435.8497619628906 0.001991176512092352
-266.8278503417969 435.83831787109375 0.002074603922665119
-265.01806640625 435.8273620605469 0.0021163367200642824
-263.2159423828125 435.8170166015625 0.0021145439241081476
-261.4170837402344 435.80712890625 0.0020803259685635567
-259.6178894042969 435.7977600097656 0.002027606824412942
-257.81561279296875 435.7887878417969 0.001965389121323824
-256.0080261230469 435.7801513671875 0.0019009208772331476
-254.19358825683594 435.77178955078125 0.0018387794261798263
-252.37110900878906 435.763671875 0.0017819022759795189
-250.53968811035156 435.75579833984375 0.0017318534664809704
-248.69874572753906 435.74810791015625 0.0016889381222426891
-246.84793090820312 435.7406005859375 0.0016526603139936924
-244.98690795898438 435.7331848144531 0.0016226386651396751
-243.11575317382812 435.7259521484375 0.0016000175382941961
-241.23614501953125 435.71881103515625 0.0015938377473503351
-239.35330200195312 435.7117919921875 0.001623935648240149
-237.4764862060547 435.7048645019531 0.001707210554741323
-235.61293029785156 435.6980895996094 0.0018221854697912931
-233.76524353027344 435.69140625 0.0019341468578204513
-231.9333953857422 435.6848449707031 0.002023830311372876
-230.1147003173828 435.6783752441406 0.002075672149658203
-228.30450439453125 435.67193603515625 0.002084751147776842
-226.49826049804688 435.66558837890625 0.0020590019412338734
-224.69216918945312 435.65936279296875 0.0020112418569624424
-222.8833770751953 435.6531066894531 0.0019523048540577292
-221.06968688964844 435.6468505859375 0.001890316023491323
-219.2493438720703 435.6404724121094 0.001830043736845255
-217.421142578125 435.6340026855469 0.0017742346972227097
-215.58421325683594 435.6274108886719 0.0017249488737434149
-213.7379608154297 435.6200256347656 0.001685504917986691
-211.88197326660156 435.6112060546875 0.0016587256686761975
-210.0159454345703 435.6002197265625 0.0016428946983069181
-208.13995361328125 435.5863037109375 0.0016376685816794634
-206.25726318359375 435.56866455078125 0.0016620063688606024
-204.37652587890625 435.54644775390625 0.0017492866609245539
-202.5065155029297 435.5211181640625 0.0018779182573780417
-200.6520538330078 435.4912414550781 0.002007121918722987
-198.81515502929688 435.4547119140625 0.0021379280369728804
-196.99497985839844 435.4108581542969 0.0022485542576760054
-195.18801879882812 435.35888671875 0.002318324986845255
-193.38929748535156 435.3004455566406 0.0023335455916821957
-191.59446716308594 435.23333740234375 0.002307453192770481
-189.80029296875 435.1548767089844 0.002280063694342971
-188.00413513183594 435.0643005371094 0.002253093756735325
-186.20388793945312 434.96148681640625 0.0022214697673916817
-184.3980255126953 434.84588623046875 0.002185497200116515
-182.58509826660156 434.71966552734375 0.002139415591955185
-180.76461791992188 434.5808410644531 0.0020878028590232134
-178.9365234375 434.4269104003906 0.002062130020931363
-177.10044860839844 434.2576599121094 0.0020533560309559107
-175.25619506835938 434.0729675292969 0.0020490074530243874
-173.40362548828125 433.87261962890625 0.0020436285994946957
-171.5431671142578 433.6559753417969 0.002041034633293748
-169.67759704589844 433.4227294921875 0.002058315323665738
-167.8135528564453 433.1731872558594 0.0021192359272390604
-165.95944213867188 432.91131591796875 0.0022192192263901234
-164.12139892578125 432.6371765136719 0.002330684568732977
-162.30227661132812 432.3497314453125 0.002450809348374605
-160.5015869140625 432.0488586425781 0.0025518606416881084
-158.71615600585938 431.7341003417969 0.0026107216253876686
-156.9408721923828 431.40679931640625 0.002613887656480074
-155.17201232910156 431.0647277832031 0.0025745199527591467
-153.40692138671875 430.7055358886719 0.002531146863475442
-151.64312744140625 430.328857421875 0.0024872778449207544
-149.87855529785156 429.9347229003906 0.002437801333144307
-148.1117401123047 429.52288818359375 0.0023839378263801336
-146.3408203125 429.095458984375 0.0023206137120723724
-144.5655517578125 428.651123046875 0.0022532844450324774
-142.7861328125 428.1881408691406 0.002209186553955078
-141.0022430419922 427.70660400390625 0.0021822548005729914
-139.21359252929688 427.2066955566406 0.0021599007304757833
-137.4200439453125 426.6883239746094 0.00213903421536088
-135.6219482421875 426.1512756347656 0.002122592879459262
-133.8226318359375 425.5963134765625 0.002132053254172206
-132.03024291992188 425.02593994140625 0.00219587329775095
-130.25315856933594 424.4432067871094 0.0023057747166603804
-128.49513244628906 423.8522644042969 0.002421894110739231
-126.75840759277344 423.2530822753906 0.002517642918974161
-125.04293823242188 422.64410400390625 0.002599544357508421
-123.34567260742188 422.0240173339844 0.0026492117904126644
-121.66117095947266 421.3932800292969 0.002647724002599716
-119.9858627319336 420.74945068359375 0.0026043509133160114
-118.31734466552734 420.0899963378906 0.0025544927921146154
-116.65306091308594 419.41412353515625 0.002502384129911661
-114.99097442626953 418.7214660644531 0.0024452018551528454
-113.3295669555664 418.0115966796875 0.00238489150069654
-111.66666412353516 417.28607177734375 0.002316608326509595
-110.00215911865234 416.543701171875 0.0022453879937529564
-108.33644104003906 415.7828369140625 0.002198238391429186
-106.66919708251953 415.0032958984375 0.002167873317375779
-105.00009155273438 414.20538330078125 0.0021437262184917927
-103.32903289794922 413.3889465332031 0.002121448516845703
-101.65625762939453 412.5537109375 0.0021029470954090357
-99.98294067382812 411.699951171875 0.0020962334237992764
-98.31300354003906 410.8292541503906 0.002120761899277568
-96.65436553955078 409.9459228515625 0.002199535258114338
-95.01290893554688 409.0563659667969 0.0023105049040168524
-93.39265441894531 408.1619873046875 0.0024194144643843174
-91.79595184326172 407.2628173828125 0.00252843857742846
-90.22199249267578 406.3583068847656 0.0026156806852668524
-88.6663818359375 405.44873046875 0.00265192030929029
-87.12560272216797 404.5304870605469 0.0026360892225056887
-85.59703826904297 403.6000671386719 0.0026030922308564186
-84.0777816772461 402.65570068359375 0.0025594900362193584
-82.56536865234375 401.6963195800781 0.0025058554019778967
-81.05801391601562 400.72088623046875 0.002445011166855693
-79.55287170410156 399.7305908203125 0.0023729896638542414
-78.04974365234375 398.7237548828125 0.0022963141091167927
-76.54906463623047 397.69879150390625 0.002242298098281026
-75.0503158569336 396.6554870605469 0.0022047613747417927
-73.55299377441406 395.5940246582031 0.002173366490751505
-72.05695343017578 394.5140075683594 0.0021444892045110464
-70.56228637695312 393.4153747558594 0.0021195029839873314
-69.0692138671875 392.2978515625 0.0020995521917939186
-67.5782241821289 391.1612548828125 0.0020874214824289083
-66.0904312133789 390.0091857910156 0.002093143528327346
-64.61286163330078 388.8458557128906 0.002139720832929015
-63.153236389160156 387.6760559082031 0.0022472571581602097
-61.71520233154297 386.5035705566406 0.0023791694547981024
-60.30013656616211 385.33038330078125 0.002500019036233425
-58.907493591308594 384.1560974121094 0.0025876425206661224
-57.53343963623047 382.9798278808594 0.0026230812072753906
-56.17548370361328 381.7975769042969 0.0026092338375747204
-54.83185958862305 380.60498046875 0.00258153909817338
-53.50002670288086 379.4000549316406 0.0025446510408073664
-52.177757263183594 378.1813659667969 0.002496738452464342
-50.861576080322266 376.94915771484375 0.0024303626269102097
-49.55111312866211 375.7020263671875 0.0023533820640295744
-48.24684143066406 374.4379577636719 0.002294788369908929
-46.94810104370117 373.1565856933594 0.0022509193513542414
-45.654296875 371.8576965332031 0.002213001251220703
-44.36518859863281 370.54107666015625 0.0021782873664051294
-43.08216857910156 369.20562744140625 0.0021539877634495497
-41.803001403808594 367.85284423828125 0.002132091438397765
-40.52809143066406 366.48260498046875 0.002099704695865512
-39.26052474975586 365.09527587890625 0.0020965002477169037
-38.004180908203125 363.6949768066406 0.0021413611248135567
-36.76271438598633 362.2904357910156 0.0022305105812847614
-35.54075241088867 360.886474609375 0.0023343085777014494
-34.34099578857422 359.484375 0.002445125486701727
-33.16313171386719 358.08392333984375 0.0025376700796186924
-32.00518798828125 356.6827697753906 0.0025901603512465954
-30.862567901611328 355.2785339355469 0.0025895119179040194
-29.733800888061523 353.8672180175781 0.0025487327948212624
-28.618392944335938 352.4454345703125 0.002504978096112609
-27.51470375061035 351.0113220214844 0.0024603079073131084
-26.421232223510742 349.5635986328125 0.0024115180131047964
-25.33698272705078 348.1011962890625 0.0023584174923598766
-24.261438369750977 346.6231994628906 0.002306079724803567
-23.19224739074707 345.1301574707031 0.002249164506793022
-22.130229949951172 343.6212158203125 0.0021911810617893934
-21.0767765045166 342.09527587890625 0.0021562385372817516
-20.031681060791016 340.5522155761719 0.0021370125468820333
-18.994789123535156 338.9924011230469 0.002124576596543193
-17.96761703491211 337.41796875 0.0021300697699189186
-16.95393180847168 335.83453369140625 0.002176914131268859
-15.958292007446289 334.2497253417969 0.0022715949453413486
-14.981529235839844 332.66986083984375 0.002380275633186102
-14.02565860748291 331.0967102050781 0.0024750709999352694
-13.09188461303711 329.5290222167969 0.0025584602262824774
-12.17872428894043 327.9640197753906 0.0026117514353245497
-11.28386116027832 326.3976745605469 0.0026231955271214247
-10.403167724609375 324.8273620605469 0.0025909612886607647
-9.536023139953613 323.2497253417969 0.002529315883293748
-8.68269157409668 321.6619567871094 0.002472476800903678
-7.842039585113525 320.0624084472656 0.002420253586024046
-7.012971878051758 318.4499206542969 0.0023678778670728207
-6.194860935211182 316.8235778808594 0.00231481553055346
-5.3874921798706055 315.1827392578125 0.002264690352603793
-4.58857536315918 313.52764892578125 0.002211513463407755
-3.799156665802002 311.8577575683594 0.002157497452571988
-3.0208306312561035 310.1722717285156 0.002126788953319192
-2.2534611225128174 308.47119140625 0.002111530164256692
-1.4968842267990112 306.7547912597656 0.00210290914401412
-0.7541153430938721 305.02557373046875 0.00212236400693655
-0.025588760152459145 303.2922668457031 0.002189426450058818
0.685716986656189 301.56298828125 0.002281131688505411
1.3765482902526855 299.8420104980469 0.002388744382187724
2.046081066131592 298.1314697265625 0.0023969458416104317
2.696927547454834 296.4315490722656 0.002467899350449443
3.3291842937469482 294.7386779785156 0.0025154685135930777
3.942715644836426 293.0478820800781 0.0025401876773685217
4.538920879364014 291.3551940917969 0.0025398063007742167
5.121527671813965 289.6581115722656 0.00250555039383471
5.690615177154541 287.9540100097656 0.0024457359686493874
6.245351314544678 286.2406311035156 0.002392139285802841
6.786417484283447 284.5165710449219 0.002344379434362054
7.314492702484131 282.78082275390625 0.0022978400811553
7.82985258102417 281.0326843261719 0.0022517202887684107
8.332437515258789 279.2715759277344 0.002209262689575553
8.822023391723633 277.4971923828125 0.0021734428592026234
9.300803184509277 275.709716796875 0.0021357154473662376
9.767573356628418 273.90887451171875 0.0020958136301487684
10.220537185668945 272.0946044921875 0.0020788763649761677
10.659459114074707 270.2681579589844 0.0020841024816036224
11.083596229553223 268.4339599609375 0.0021197700407356024
11.49130916595459 266.6008605957031 0.0022035406436771154
11.881336212158203 264.776611328125 0.0023197364062070847
12.253069877624512 262.9646301269531 0.002437496092170477
12.608485221862793 261.1664123535156 0.002530117053538561
12.946622848510742 259.38006591796875 0.0025826834607869387
13.26624870300293 257.60137939453125 0.0026098822709172964
13.568007469177246 255.82595825195312 0.0026090811006724834
13.852778434753418 254.0499725341797 0.00258184433914721
14.123591423034668 252.27073669433594 0.002525234129279852
14.379849433898926 250.48585510253906 0.0024503134191036224
14.620237350463867 248.693603515625 0.0023880957160145044
14.845155715942383 246.89268493652344 0.0023367118556052446
15.05510139465332 245.08218383789062 0.002289028139784932
15.250225067138672 243.26141357421875 0.0022432899568229914
15.430381774902344 241.4300537109375 0.002202053088694811
15.597774505615234 239.58782958984375 0.002158412942662835
15.751470565795898 237.73458862304688 0.002111682901158929
15.890220642089844 235.8704376220703 0.0020846365951001644
16.014616012573242 233.99624633789062 0.002073917305096984
16.125295639038086 232.11587524414062 0.0020884894765913486
16.222734451293945 230.23831176757812 0.0021497535053640604
16.30765151977539 228.37208557128906 0.0022476387675851583
16.380828857421875 226.52162170410156 0.0023513222113251686
16.44301414489746 224.68878173828125 0.0024406241718679667
16.4948787689209 222.8726348876953 0.0024989128578454256
16.53701400756836 221.0696258544922 0.002515277825295925
16.570026397705078 219.27476501464844 0.0024891472421586514
16.594615936279297 217.48355102539062 0.002431621542200446
16.611669540405273 215.69239807128906 0.0023544500581920147
16.622173309326172 213.89840698242188 0.002266750205308199
16.627086639404297 212.0994415283203 0.002174816094338894
16.62726593017578 210.2937774658203 0.002083835657685995
16.623456954956055 208.48013305664062 0.0019978140480816364
16.616313934326172 206.65760803222656 0.001919116941280663
16.60640525817871 204.82554626464844 0.0018488883506506681
16.5942325592041 202.9835662841797 0.0017881202511489391
16.580232620239258 201.13134765625 0.0017357826000079513
16.564788818359375 199.26864624023438 0.0016914558364078403
16.54823875427246 197.39561462402344 0.0016560554504394531
16.530887603759766 195.5148162841797 0.0016436957521364093
16.513046264648438 193.63270568847656 0.0016748618800193071
16.49502182006836 191.75787353515625 0.001754550845362246
16.476856231689453 189.89698791503906 0.0018638420151546597
16.45880699157715 188.05238342285156 0.0019686317536979914
16.44111442565918 186.2233123779297 0.0020459555089473724
16.423805236816406 184.40635681152344 0.002082080813124776
16.40686798095703 182.59671020507812 0.0020773124415427446
16.390316009521484 180.78997802734375 0.002041835803538561
16.374174118041992 178.98263549804688 0.0019877434242516756
16.35845947265625 177.17196655273438 0.0019286155002191663
16.34309196472168 175.35589599609375 0.0018704795511439443
16.328113555908203 173.53286743164062 0.0018152426928281784
16.313583374023438 171.70176696777344 0.0017653846880421042
16.299482345581055 169.86175537109375 0.001723117777146399
16.285757064819336 168.01226806640625 0.0016835593851283193
16.272382736206055 166.15296936035156 0.001650638529099524
16.25935173034668 164.2836456298828 0.0016243553254753351
16.246671676635742 162.40501403808594 0.0016093254089355469
16.23435401916504 160.52102661132812 0.0016241645207628608
16.2224178314209 158.64065551757812 0.0016930961282923818
16.21087074279785 156.7723846435547 0.0018042182782664895
16.1997013092041 154.92044067382812 0.0019243048736825585
16.188886642456055 153.0865478515625 0.002031421521678567
16.178407669067383 151.26963806152344 0.002108783693984151
16.1683292388916 149.466064453125 0.00214838027022779
16.158519744873047 147.6707305908203 0.0021359443198889494
16.148906707763672 145.8790740966797 0.00209604250267148
16.13943862915039 144.08740234375 0.0020383642986416817
16.130067825317383 142.29286193847656 0.001972408266738057
16.120771408081055 140.49319458007812 0.0019045829540118575
16.11153221130371 138.68679809570312 0.0018402670975774527
16.102325439453125 136.8723602294922 0.0017815589671954513
16.0931396484375 135.04904174804688 0.0017299461178481579
16.083959579467773 133.21617126464844 0.0016857337905094028
16.07477378845215 131.3733673095703 0.0016488838009536266
16.065568923950195 129.5203094482422 0.0016182898543775082
16.05634307861328 127.65679168701172 0.0015934562543407083
16.04707908630371 125.782958984375 0.0015756797511130571
16.03778839111328 123.90166473388672 0.0015812111087143421
16.028486251831055 122.0202407836914 0.0016348457429558039
16.019227981567383 120.14767456054688 0.0017331504495814443
16.01004409790039 118.2896728515625 0.001852664863690734
16.000944137573242 116.44833374023438 0.001963977701961994
15.991909980773926 114.62289428710938 0.002046947367489338
15.98293399810791 112.80989837646484 0.0020886040292680264
15.973987579345703 111.00440979003906 0.00208765035495162
15.965045928955078 109.2020263671875 0.0020546913146972656
15.956095695495605 107.39917755126953 0.0020028112921863794
15.94711971282959 105.59310913085938 0.0019418144365772605
15.9381103515625 103.78174591064453 0.0018791008042171597
15.929055213928223 101.96344757080078 0.0018190573900938034
15.919952392578125 100.13707733154297 0.0017642783932387829
15.91079330444336 98.30178833007812 0.0017161369323730469
15.901577949523926 96.45703125 0.0016753578092902899
15.892301559448242 94.6023941040039 0.0016411017859354615
15.882970809936523 92.73760223388672 0.0016128348652273417
15.873577117919922 90.86272430419922 0.0015920066507533193
15.864142417907715 88.98092651367188 0.0015972709516063333
15.854705810546875 87.10044860839844 0.0016546440310776234
15.84531307220459 85.2301025390625 0.0017576026730239391
15.835990905761719 83.37487030029297 0.0018764304695650935
15.826748847961426 81.53679656982422 0.001985797891393304
15.817584037780762 79.71502685546875 0.002066860208287835
15.808478355407715 77.90602111816406 0.002106418600305915
15.799408912658691 76.10479736328125 0.0021031759679317474
15.790350914001465 74.30689239501953 0.0020683479961007833
15.781289100646973 72.50868225097656 0.0020144081208854914
15.772208213806152 70.70738983154297 0.0019515800522640347
15.76309871673584 68.9008560180664 0.0018870735075324774
15.753952026367188 67.08744812011719 0.001825466169975698
15.744765281677246 65.26598358154297 0.001769428257830441
15.735529899597168 63.435604095458984 0.001720218569971621
15.72624397277832 61.5957145690918 0.001677875523455441
15.716907501220703 59.74592971801758 0.0016428184462711215
15.70751953125 57.88594055175781 0.001613788539543748
15.698079109191895 56.01572799682617 0.0015917777782306075
15.688591957092285 54.13645553588867 0.0015823936555534601
15.67908000946045 52.252567291259766 0.0016053199069574475
15.66959285736084 50.37325668334961 0.0016822242178022861
15.660167694091797 48.50666427612305 0.0017978096147999167
15.65083122253418 46.656795501708984 0.0019202232360839844
15.641584396362305 44.82518768310547 0.0020281027536839247
15.632420539855957 43.01069641113281 0.002105121500790119
15.623340606689453 41.20954513549805 0.002139873569831252
15.614314079284668 39.41661834716797 0.0021320150699466467
15.60535717010498 37.62736129760742 0.0020931814797222614
15.596480369567871 35.83807373046875 0.0020356939639896154
15.58767032623291 34.04587936401367 0.0019701195415109396
15.578916549682617 32.248592376708984 0.0019031333504244685
15.570225715637207 30.44452476501465 0.0018393516074866056
15.561599731445312 28.632415771484375 0.0017809486016631126
15.553045272827148 26.811378479003906 0.001729831681586802
15.544564247131348 24.980783462524414 0.0016857718583196402
15.536151885986328 23.14020538330078 0.0016492652939632535
15.52780818939209 21.289352416992188 0.0016193198971450329
15.519524574279785 19.428020477294922 0.001594600616954267
15.51130199432373 17.55630874633789 0.0015772056067362428
15.503140449523926 15.676136016845703 0.0015759848756715655
15.495061874389648 13.792966842651367 0.0016116141341626644
15.487093925476074 11.916146278381348 0.0016998481005430222
15.479256629943848 10.052901268005371 0.0018189048860222101
15.471550941467285 8.205636024475098 0.0019331549992784858
15.46397590637207 6.374233245849609 0.0020233343821018934
15.456514358520508 4.555940628051758 0.002075633965432644
15.449141502380371 2.746032238006592 0.0020841406658291817
15.4418363571167 0.9399648904800415 0.002058048266917467
15.434579849243164 -0.8659765720367432 0.002010402735322714
15.42735481262207 -2.674677610397339 0.0019517707405611873
15.419957160949707 -4.48832368850708 0.0018399619730189443
15.412580490112305 -6.308653831481934 0.0017539786640554667
15.405159950256348 -8.136844635009766 0.0017138099065050483
15.397732734680176 -9.973783493041992 0.0016779135912656784
15.390289306640625 -11.820074081420898 0.0016474341973662376
15.38284969329834 -13.676139831542969 0.0016210746252909303
15.375433921813965 -15.542284965515137 0.001598949427716434
15.368037223815918 -17.418447494506836 0.0015824317233636975
15.360657691955566 -19.3013916015625 0.0015910147922113538
15.353317260742188 -21.182491302490234 0.00165300362277776
15.346041679382324 -23.052852630615234 0.0017608832567930222
15.338841438293457 -24.907711029052734 0.001882266951724887
15.331722259521484 -26.745197296142578 0.001992511795833707
15.324677467346191 -28.566205978393555 0.0020731163676828146
15.317689895629883 -30.37431526184082 0.002112217014655471
15.311440467834473 -32.174537658691406 0.002111186971887946
15.307689666748047 -33.97132110595703 0.002088565845042467
15.3085298538208 -35.76820373535156 0.00206274027004838
15.31605339050293 -37.56787872314453 0.0020414923783391714
15.332598686218262 -39.37232971191406 0.0020283698104321957
15.360885620117188 -41.18295669555664 0.0020262335892766714
15.403947830200195 -43.0005989074707 0.0020376776810735464
15.465001106262207 -44.82557678222656 0.00206445693038404
15.550872802734375 -46.65650177001953 0.002122478326782584
15.665547370910645 -48.49271774291992 0.002216892084106803
15.809423446655273 -50.334716796875 0.002299823798239231
15.985480308532715 -52.181522369384766 0.002370319329202175
16.197017669677734 -54.03163528442383 0.0024405098520219326
16.446945190429688 -55.88318634033203 0.0025172994937747717
16.737531661987305 -57.73324203491211 0.0026066398713737726
17.070035934448242 -59.5765266418457 0.0027203941717743874
17.44449806213379 -61.405765533447266 0.0028640173841267824
17.86078643798828 -63.21522903442383 0.0030212593264877796
18.319416046142578 -65.0018310546875 0.0031686972361057997
18.821910858154297 -66.76508331298828 0.003286495106294751
19.370140075683594 -68.50550842285156 0.0033704566303640604
19.96563148498535 -70.22311401367188 0.0034270668402314186
20.60955047607422 -71.91740417480469 0.003463802160695195
21.303186416625977 -73.5865249633789 0.00349287036806345
22.046953201293945 -75.2293701171875 0.003517322475090623
22.840911865234375 -76.8449478149414 0.0035307120997458696
23.685075759887695 -78.43154907226562 0.003536815522238612
24.577898025512695 -79.99028778076172 0.0035217474214732647
25.519254684448242 -81.51898956298828 0.003492450574412942
26.509355545043945 -83.01363372802734 0.003484172746539116
27.547346115112305 -84.47223663330078 0.00349287036806345
28.632274627685547 -85.89308166503906 0.0035121727269142866
29.763099670410156 -87.27445220947266 0.0035281942691653967
30.93869400024414 -88.61468505859375 0.0035410497803241014
32.15785217285156 -89.91214752197266 0.003550853580236435
33.419288635253906 -91.16524505615234 0.0035574149806052446
34.72163391113281 -92.37236022949219 0.0035618781112134457
36.06342697143555 -93.531982421875 0.003563747275620699
37.443138122558594 -94.642578125 0.00356401433236897
38.85913848876953 -95.7027359008789 0.003563137026503682
40.30973434448242 -96.71105194091797 0.003561038989573717
41.793148040771484 -97.66627502441406 0.00355810159817338
43.30756378173828 -98.56722259521484 0.0035550117027014494
44.85109329223633 -99.41278076171875 0.0035513495095074177
46.42264938354492 -100.20404052734375 0.0036750219296664
48.02064895629883 -100.93858337402344 0.00460828747600317
49.643157958984375 -101.61235809326172 0.007699947338551283
51.28818893432617 -102.22298431396484 0.014269313775002956
52.953983306884766 -102.76988220214844 0.02511613816022873
54.638816833496094 -103.25469207763672 0.04011381044983864
56.34141540527344 -103.67829132080078 0.05978032946586609
58.06005859375 -104.04373931884766 0.08340390771627426
59.79352951049805 -104.35149383544922 0.11175966262817383
61.54027557373047 -104.60507202148438 0.1439446061849594
63.29899215698242 -104.80500793457031 0.1809910386800766
65.06876373291016 -104.95404052734375 0.22212475538253784
66.84809112548828 -105.05410766601562 0.2678561508655548
68.63643646240234 -105.10811614990234 0.31749439239501953
70.4324722290039 -105.1174087524414 0.3715211749076843
72.23558807373047 -105.08501434326172 0.4279954135417938
74.0439453125 -105.009033203125 0.4867732524871826
75.85700225830078 -104.88903045654297 0.5480424165725708
77.67379760742188 -104.72594451904297 0.6134838461875916
79.49358367919922 -104.51761627197266 0.6846616864204407
81.31396484375 -104.26385498046875 0.762193500995636
83.13288116455078 -103.96379852294922 0.8465129733085632
84.94895935058594 -103.61739349365234 0.9369056224822998
86.76057434082031 -103.22419738769531 1.0328142642974854
88.56620788574219 -102.7841567993164 1.1339068412780762
90.36444854736328 -102.297607421875 1.2399098873138428
92.15325927734375 -101.76420593261719 1.3510267734527588
93.92874145507812 -101.18359375 1.4675719738006592
95.68559265136719 -100.55709075927734 1.5889331102371216
97.41908264160156 -99.88690185546875 1.7143986225128174
99.12615966796875 -99.17359924316406 1.8438676595687866
100.80569458007812 -98.41581726074219 1.9779897928237915
102.45745086669922 -97.6126480102539 2.1165993213653564
104.08099365234375 -96.7638168334961 2.2593300342559814
105.67596435546875 -95.86990356445312 2.405900478363037
107.24104309082031 -94.93083953857422 2.556572437286377
108.77418518066406 -93.94612121582031 2.711921215057373
110.27378845214844 -92.91594696044922 2.871558666229248
111.73857116699219 -91.84109497070312 3.0351977348327637
113.16752624511719 -90.72276306152344 3.202585458755493
114.55902862548828 -89.56192016601562 3.3738784790039062
115.91051483154297 -88.3587875366211 3.5497384071350098
117.22023010253906 -87.11418151855469 3.7297377586364746
118.48668670654297 -85.82938385009766 3.9136157035827637
119.70982360839844 -84.50678253173828 4.100933074951172
120.8893051147461 -83.14861297607422 4.290462493896484
122.02198028564453 -81.75482940673828 4.483145236968994
123.10802459716797 -80.3281021118164 4.6772894859313965
124.14627838134766 -78.87012481689453 4.872716426849365
125.14328002929688 -77.38512420654297 5.064899444580078
126.09222412109375 -75.87261199951172 5.25601863861084
126.99359130859375 -74.33275604248047 5.4476165771484375
127.85233306884766 -72.76836395263672 5.635707378387451
128.65525817871094 -71.17977142333984 5.825926303863525
129.41064453125 -69.570068359375 6.012612342834473
130.10848999023438 -67.9400634765625 6.200938701629639
130.75439453125 -66.29150390625 6.386934280395508
131.347900390625 -64.62796020507812 6.570947647094727
131.88841247558594 -62.949256896972656 6.752076148986816
132.37969970703125 -61.258426666259766 6.928170204162598
132.82138061523438 -59.55695343017578 7.098581314086914
133.20965576171875 -57.845848083496094 7.264369964599609
133.5478973388672 -56.12681198120117 7.423855304718018
133.82647705078125 -54.402591705322266 7.581380844116211
134.05435180664062 -52.672645568847656 7.733531475067139
134.22860717773438 -50.93949508666992 7.880716323852539
134.34376525878906 -49.2061767578125 8.02525520324707
134.40731811523438 -47.47305679321289 8.163566589355469
134.4089813232422 -45.74473190307617 8.30003547668457
134.3568878173828 -44.020545959472656 8.431275367736816
134.24737548828125 -42.30340576171875 8.558551788330078
134.08111572265625 -40.59546661376953 8.682079315185547
133.8569793701172 -38.8974723815918 8.801959991455078
133.57875061035156 -37.210838317871094 8.91733455657959
133.24179077148438 -35.539146423339844 9.029806137084961
132.85147094726562 -33.8822135925293 9.137507438659668
132.40321350097656 -32.243858337402344 9.242690086364746
131.90133666992188 -30.624515533447266 9.343847274780273
131.34326171875 -29.026926040649414 9.44222640991211
130.73159790039062 -27.451162338256836 9.537410736083984
130.069091796875 -25.897567749023438 9.628273963928223
129.352783203125 -24.370569229125977 9.716602325439453
128.58665466308594 -22.868898391723633 9.801154136657715
127.76939392089844 -21.395214080810547 9.882783889770508
126.90414428710938 -19.94890785217285 9.960922241210938
125.99203491210938 -18.530670166015625 10.035200119018555
125.03356170654297 -17.14211082458496 10.105794906616211
124.02716827392578 -15.786003112792969 10.174490928649902
122.97599029541016 -14.462581634521484 10.240735054016113
121.8802719116211 -13.17452621459961 10.305927276611328
120.74397277832031 -11.91761302947998 10.366633415222168
119.56829833984375 -10.692896842956543 10.423140525817871
118.35169982910156 -9.504112243652344 10.477312088012695
117.09523010253906 -8.352425575256348 10.529938697814941
115.80655670166016 -7.234029293060303 10.576294898986816
114.48761749267578 -6.145094394683838 10.614307403564453
113.14081573486328 -5.078898906707764 10.638745307922363
111.76581573486328 -4.0410284996032715 10.654455184936523
110.36109161376953 -3.0383050441741943 10.66360092163086
108.92996978759766 -2.066754102706909 10.663087844848633
107.47637176513672 -1.118698239326477 10.649760246276855
105.99693298339844 -0.19911529123783112 10.630441665649414
104.4872817993164 0.6730843782424927 10.616373062133789
102.94220733642578 1.4805859327316284 10.615074157714844
101.36507415771484 2.220255136489868 10.62729263305664
99.76014709472656 2.9006288051605225 10.647639274597168
98.13068389892578 3.527573823928833 10.671332359313965
96.47904205322266 4.103176593780518 10.696253776550293
94.80703735351562 4.6282172203063965 10.721536636352539
93.1160888671875 5.103468418121338 10.746867179870605
91.40763092041016 5.529133319854736 10.772168159484863
89.68228912353516 5.907958984375 10.797447204589844
87.94105529785156 6.241117477416992 10.822737693786621
86.18495178222656 6.529746055603027 10.84809684753418
84.41482543945312 6.775402545928955 10.873558044433594
82.63148498535156 6.979869365692139 10.899147987365723
80.83544158935547 7.145637512207031 10.924883842468262
79.02825927734375 7.278243064880371 10.948007583618164
77.21052551269531 7.382106304168701 10.965767860412598
75.3794937133789 7.460964202880859 10.975492477416992
73.53559875488281 7.51468563079834 10.980533599853516
71.67980194091797 7.544593334197998 10.98497200012207
69.81232452392578 7.553257465362549 10.989511489868164
67.93370819091797 7.5433349609375 10.99371337890625
66.04716491699219 7.517259120941162 10.997272491455078
64.16091918945312 7.478048324584961 10.999786376953125
62.284881591796875 7.42893648147583 11.00141429901123
60.42529296875 7.371366024017334 11.002188682556152
58.583309173583984 7.30824089050293 11.001832962036133
56.75775146484375 7.242231845855713 11.000965118408203
54.94523620605469 7.174204349517822 11.000041007995605
53.140785217285156 7.1047282218933105 10.999221801757812
51.339866638183594 7.034594535827637 10.998556137084961
49.53879165649414 6.964780807495117 10.998031616210938
47.73478317260742 6.894850730895996 10.997636795043945
45.92561721801758 6.826272964477539 10.997342109680176
44.1096076965332 6.760503768920898 10.997116088867188
42.28554153442383 6.6976494789123535 10.99694538116455
40.45254135131836 6.637704372406006 10.996885299682617
38.61001968383789 6.580776214599609 10.996962547302246
36.757606506347656 6.527100563049316 10.99717903137207
34.894981384277344 6.4767913818359375 10.99758529663086
33.02223205566406 6.429941177368164 10.998122215270996
31.14207649230957 6.386612415313721 10.998814582824707
29.261398315429688 6.346911907196045 10.999593734741211
27.38914680480957 6.310720920562744 11.000419616699219
25.531190872192383 6.277825355529785 11.001252174377441
23.68975067138672 6.248019695281982 11.001955032348633
21.86410140991211 6.221126079559326 11.002446174621582
20.050701141357422 6.1968865394592285 11.002609252929688
18.24468421936035 6.175212383270264 11.002580642700195
16.441688537597656 6.155971527099609 11.00247573852539
14.638236045837402 6.138882160186768 11.002218246459961
12.831873893737793 6.123610496520996 11.000965118408203
11.020085334777832 6.109900951385498 10.998543739318848
9.201007843017578 6.097531795501709 10.994656562805176
7.373928070068359 6.086319446563721 10.989747047424316
5.538559913635254 6.076076507568359 10.982641220092773
3.693291425704956 6.06666374206543 10.972765922546387
1.837523102760315 6.057959079742432 10.960331916809082
-0.02823944017291069 6.0498552322387695 10.946125030517578
-1.9036741256713867 6.042245388031006 10.929676055908203
-3.7867345809936523 6.0350518226623535 10.910013198852539
-5.668525218963623 6.028295040130615 10.88862419128418
-7.539190292358398 6.021883487701416 10.865318298339844
-9.394308090209961 6.015718460083008 10.840150833129883
-11.233111381530762 6.009750843048096 10.812143325805664
-13.055887222290039 6.003956317901611 10.783108711242676
-14.865694046020508 5.998292922973633 10.75312328338623
-16.66788673400879 5.992707252502441 10.722299575805664
-18.467226028442383 5.9871506690979 10.690314292907715
-20.267139434814453 5.981620788574219 10.658052444458008
-22.070384979248047 5.976058006286621 10.625847816467285
-23.87910270690918 5.970404624938965 10.593772888183594
-25.694948196411133 5.964650630950928 10.561802864074707
-27.51913070678711 5.9587883949279785 10.52988338470459
-29.352500915527344 5.95281457901001 10.497963905334473
-31.19565773010254 5.94681453704834 10.465996742248535
-33.049007415771484 5.940852642059326 10.433941841125488
-34.912841796875 5.934924602508545 10.401776313781738
-36.787086486816406 5.929039001464844 10.369481086730957
-38.66870880126953 5.923238277435303 10.337114334106445
-40.549888610839844 5.917586326599121 10.304824829101562
-42.4217529296875 5.912132263183594 10.272758483886719
-44.278953552246094 5.906930446624756 10.240999221801758
-46.11951446533203 5.901947975158691 10.209580421447754
-47.94422912597656 5.897145748138428 10.178495407104492
-49.75660705566406 5.892566204071045 10.147639274597168
-51.56161880493164 5.888220310211182 10.116889953613281
-53.36368942260742 5.884085655212402 10.086164474487305
-55.166419982910156 5.880138397216797 10.05541706085205
-56.97259521484375 5.876356601715088 10.024604797363281
-58.78433609008789 5.87272834777832 9.993699073791504
-60.60325241088867 5.8692522048950195 9.962661743164062
-62.43056106567383 5.865860939025879 9.931516647338867
-64.2670669555664 5.862605571746826 9.900200843811035
-66.11333465576172 5.859449863433838 9.868745803833008
-67.96978759765625 5.856388568878174 9.837101936340332
-69.83672332763672 5.853403091430664 9.80529499053955
-71.71405792236328 5.85048246383667 9.773337364196777
-73.59846496582031 5.847543239593506 9.74122142791748
-75.48046875 5.844050884246826 9.707121849060059
-77.35199737548828 5.842241287231445 9.670737266540527
-79.21013641357422 5.839658737182617 9.632853507995605
-81.0508041381836 5.837640762329102 9.597264289855957
-82.87445068359375 5.834992408752441 9.565095901489258
-84.68528747558594 5.8323211669921875 9.534383773803711
-86.48843383789062 5.829686164855957 9.504199028015137
-88.28840637207031 5.827085971832275 9.474140167236328
-90.08887481689453 5.82451057434082 9.4440279006958
-91.89264678955078 5.821949481964111 9.413784980773926
-93.70187377929688 5.819401741027832 9.383378028869629
-95.51799774169922 5.81621789932251 9.352279663085938
-97.34149169921875 5.811319351196289 9.31871223449707
-99.1748046875 5.807464599609375 9.281888008117676
-101.01808166503906 5.806489944458008 9.24137020111084
-102.871826171875 5.8074541091918945 9.199936866760254
-104.73709869384766 5.807375431060791 9.158935546875
-106.61268615722656 5.805933475494385 9.1199369430542
-108.49496459960938 5.8034491539001465 9.083900451660156
-110.37576293945312 5.800740718841553 9.04863166809082
-112.24649047851562 5.798120021820068 9.01309585571289
-114.10205841064453 5.795674800872803 8.975342750549316
-115.93887329101562 5.793282508850098 8.931356430053711
-117.76229858398438 5.791017532348633 8.87867259979248
-119.57366943359375 5.788627624511719 8.81623649597168
-121.37740325927734 5.786299705505371 8.74848461151123
-123.17920684814453 5.783664226531982 8.67480182647705
-124.98104095458984 5.780983924865723 8.596705436706543
-126.7860336303711 5.778008460998535 8.514669418334961
-128.59716796875 5.775864124298096 8.42685317993164
-130.41738891601562 5.773738384246826 8.337139129638672
-132.24658203125 5.771793842315674 8.247183799743652
-134.08335876464844 5.769389629364014 8.15711498260498
-135.9306640625 5.766790866851807 8.063703536987305
-137.78941345214844 5.764160633087158 7.966100215911865
-139.6591339111328 5.761514663696289 7.866962909698486
-141.53768920898438 5.758856773376465 7.767402648925781
-143.41937255859375 5.756194114685059 7.668061256408691
-145.29493713378906 5.753543376922607 7.56948709487915
-147.1572265625 5.75091552734375 7.471989154815674
-149.00350952148438 5.74831485748291 7.375603675842285
-150.8333740234375 5.7457427978515625 7.280267238616943
-152.6488800048828 5.743197441101074 7.1858038902282715
-154.45448303222656 5.740673542022705 7.091928958892822
-156.2550506591797 5.738163948059082 6.998361587524414
-158.05474853515625 5.735663414001465 6.9048752784729
-159.85682678222656 5.733166217803955 6.81129264831543
-161.66384887695312 5.730669975280762 6.717479705810547
-163.4777069091797 5.728169918060303 6.6233344078063965
-165.2998809814453 5.72566556930542 6.528777122497559
-167.13137817382812 5.723154067993164 6.433753490447998
-168.97299194335938 5.720635890960693 6.338221073150635
-170.82516479492188 5.718108177185059 6.242152690887451
-172.68829345703125 5.715571880340576 6.1455278396606445
-174.5623016357422 5.7130255699157715 6.048348426818848
-176.44395446777344 5.710474014282227 5.950801372528076
-178.32464599609375 5.707927227020264 5.8533616065979
-180.19544982910156 5.7053985595703125 5.756481647491455
-182.05130004882812 5.70289421081543 5.660394191741943
-183.89056396484375 5.700415134429932 5.5651535987854
-185.7142791748047 5.697958946228027 5.470692157745361
-187.52598571777344 5.695522308349609 5.376809120178223
-189.33071899414062 5.69309663772583 5.2832489013671875
-191.1328887939453 5.690676212310791 5.1897873878479
-192.93612670898438 5.68825626373291 5.096251487731934
-194.74331665039062 5.685831069946289 5.00250244140625
-196.5565643310547 5.683398723602295 4.908437728881836
-198.37754821777344 5.680958271026611 4.8139753341674805
-200.2074737548828 5.67850399017334 4.719056129455566
-202.0471954345703 5.67603874206543 4.623636245727539
-203.89727783203125 5.673560619354248 4.527684688568115
-205.7581024169922 5.671067237854004 4.431182861328125
-207.62969970703125 5.668560028076172 4.334132671356201
-209.50929260253906 5.666042804718018 4.236693859100342
-211.38946533203125 5.6635260581970215 4.139272689819336
-213.26129150390625 5.661019325256348 4.042332172393799
-215.11900329589844 5.658533096313477 3.94614577293396
-216.9607391357422 5.656068801879883 3.8507773876190186
-218.7874298095703 5.653624057769775 3.7561614513397217
-220.6027069091797 5.651193618774414 3.6625497341156006
-222.4114227294922 5.648772239685059 3.5699191093444824
-224.2176513671875 5.646354675292969 3.478502035140991
-226.02508544921875 5.6439337730407715 3.387580394744873
-227.83673095703125 5.641506195068359 3.2968995571136475
-229.65505981445312 5.639070510864258 3.2072951793670654
-231.48101806640625 5.636623382568359 3.119069814682007
-233.31556701660156 5.634164333343506 3.032209634780884
-235.1597137451172 5.631691932678223 2.9454610347747803
-237.0146942138672 5.629205226898193 2.8594577312469482
-238.88047790527344 5.626705169677734 2.77435564994812
-240.75650024414062 5.624189853668213 2.6909310817718506
-242.63978576660156 5.621665000915527 2.6080260276794434
-244.52212524414062 5.619141578674316 2.5260612964630127
-246.39471435546875 5.616631984710693 2.4459195137023926
-248.2515106201172 5.614142894744873 2.3685879707336426
-250.0912322998047 5.611678123474121 2.293092966079712
-251.91517639160156 5.6092352867126465 2.218736171722412
-253.7273406982422 5.606807231903076 2.146143674850464
-255.53216552734375 5.6043877601623535 2.0753822326660156
-257.3338317871094 5.601973056793213 2.006361722946167
-259.1362609863281 5.599556922912598 1.9377384185791016
-260.94281005859375 5.597133636474609 1.8699986934661865
-262.75537109375 5.594702243804932 1.8032474517822266
-264.5750427246094 5.592261791229248 1.7382763624191284
-266.4031982421875 5.589809417724609 1.6738802194595337
-268.24102783203125 5.587343692779541 1.6097267866134644
-270.0893859863281 5.584865093231201 1.5465192794799805
-271.9479675292969 5.582371711730957 1.484845757484436
-273.8169250488281 5.579866409301758 1.4242959022521973
-275.6957092285156 5.5773468017578125 1.3639156818389893
-277.5807800292969 5.574819087982178 1.304701805114746
-279.4627380371094 5.572296142578125 1.2471799850463867
-281.3326416015625 5.569788455963135 1.1919915676116943
-283.1863708496094 5.567304611206055 1.1378908157348633
-285.0229187011719 5.564843654632568 1.0853385925292969
-286.8431396484375 5.562404632568359 1.0344895124435425
-288.6500244140625 5.559983253479004 0.9860106706619263
-290.448974609375 5.5575737953186035 0.9385918378829956
-292.24481201171875 5.555165767669678 0.891747772693634
-294.0415954589844 5.552756309509277 0.8461297154426575
-295.8414611816406 5.550342082977295 0.8020764589309692
-297.6465148925781 5.547922134399414 0.7594273686408997
-299.45867919921875 5.545492649078369 0.7170294523239136
-301.27972412109375 5.543049335479736 0.6755682826042175
-303.1101989746094 5.54059362411499 0.6351647973060608
-304.9500732421875 5.538125514984131 0.5966164469718933
-306.80010986328125 5.53564453125 0.5586486458778381
-308.6609802246094 5.53314733505249 0.5211781859397888
-310.5327453613281 5.530637741088867 0.48480722308158875
-312.4129333496094 5.528115749359131 0.45036205649375916
-314.29638671875 5.525589466094971 0.41715121269226074
-316.1740417480469 5.523071765899658 0.38463082909584045
-318.0389709472656 5.520571708679199 0.3537437617778778
-319.8875427246094 5.518094539642334 0.3247980773448944
-321.71917724609375 5.515639305114746 0.2977901101112366
-323.53619384765625 5.513204097747803 0.27144214510917664
-325.3436279296875 5.510781764984131 0.24632123112678528
-327.14599609375 5.508365154266357 0.22246286273002625
-328.9467468261719 5.505950927734375 0.2006044089794159
-330.74932861328125 5.50362491607666 0.17950575053691864
-332.5565185546875 5.501619815826416 0.15891817212104797
-334.37042236328125 5.500102519989014 0.139524444937706
-336.1917419433594 5.49919319152832 0.1218637228012085
-338.0213928222656 5.498635768890381 0.10555055737495422
-339.8605041503906 5.49856424331665 0.08963289111852646
-341.7102355957031 5.4992828369140625 0.07577577233314514
-343.5701904296875 5.500825881958008 0.06432370841503143
-345.4396667480469 5.5031843185424805 0.056280381977558136
-347.3186950683594 5.506335258483887 0.04945173114538193
-349.2037048339844 5.510278224945068 0.042852189391851425
-351.085693359375 5.514975547790527 0.03616243228316307
-352.9561767578125 5.520335674285889 0.029301775619387627
-354.8104553222656 5.526295185089111 0.022261256352066994
-356.6470642089844 5.532808303833008 0.015064792707562447
-358.46685791015625 5.539852142333984 0.007738437503576279
-360.2740478515625 5.547471046447754 0.0017259025480598211
-362.0733642578125 5.555575370788574 -0.002737979870289564
-363.8683776855469 5.564249038696289 -0.004572010133415461
-365.6633605957031 5.573374271392822 -0.005364780314266682
-367.4611511230469 5.582942485809326 -0.005929470062255859
-369.26416015625 5.592893600463867 -0.006320590618997812
-371.0739440917969 5.603287220001221 -0.006754932459443808
-372.89154052734375 5.613956928253174 -0.0071309469640254974
-374.71832275390625 5.62482213973999 -0.00753519032150507
-376.55474853515625 5.635986804962158 -0.007661113515496254
-378.40087890625 5.647439479827881 -0.007067851722240448
-380.25714111328125 5.659156322479248 -0.00607999786734581
-382.1238708496094 5.671073913574219 -0.004994525574147701
-384.0008239746094 5.683167457580566 -0.003922214265912771
-385.884765625 5.69539737701416 -0.0028787420596927404
-387.7669982910156 5.707698345184326 -0.0018428992480039597
-389.6384582519531 5.71998929977417 -0.0008168601780198514
-391.49432373046875 5.732208728790283 0.00017541885608807206
-393.3328552246094 5.744337558746338 0.0011174583341926336
-395.1547546386719 5.756370544433594 0.0018979834858328104
-396.9637451171875 5.768350124359131 0.002423725090920925
-398.7649230957031 5.78030252456665 0.0025884436909109354
-400.56268310546875 5.792239189147949 0.0025334740057587624
-402.3606872558594 5.804164886474609 0.0024003791622817516
-404.1617431640625 5.816125869750977 0.0022517202887684107
-405.9679260253906 5.829085350036621 0.0021158407907932997
-407.7809143066406 5.842706203460693 0.002001171000301838
-409.6018981933594 5.858747482299805 0.001908702775835991
-411.4315490722656 5.879917621612549 0.00185308454092592
-413.2702941894531 5.908164024353027 0.0018287849379703403
-415.11846923828125 5.945461750030518 0.0018269538413733244
-416.9764709472656 5.9887285232543945 0.0018227958353236318
-418.8440856933594 6.042268753051758 0.0018101691966876388
-420.7203674316406 6.111893177032471 0.0018439673585817218
-422.6015625 6.199584007263184 0.0019305228488519788
-424.47900390625 6.306285858154297 0.0020734977442771196
-426.3445129394531 6.426995277404785 0.0022368049249053
-428.1930847167969 6.564200401306152 0.0023790549021214247
-430.0212707519531 6.723649978637695 0.0025437355507165194
-431.82916259765625 6.906972885131836 0.0027052878867834806
-433.6207275390625 7.110936164855957 0.002807521726936102
-435.3997802734375 7.33880090713501 0.002840061206370592
-437.168701171875 7.596238613128662 0.0028666877187788486
-438.9314880371094 7.8799052238464355 0.0028657722286880016
-440.68988037109375 8.191908836364746 0.002831325400620699
-442.44342041015625 8.537137031555176 0.002820453606545925
-444.1928405761719 8.916535377502441 0.0028244589921087027
-445.9410095214844 9.326478004455566 0.0028056143783032894
-447.68743896484375 9.7686128616333 0.0027610587421804667
-449.43017578125 10.246793746948242 0.002743854420259595
-451.1686096191406 10.761845588684082 0.0027484321035444736
-452.9047546386719 11.310089111328125 0.0027383994311094284
-454.637451171875 11.892878532409668 0.002706508617848158
-456.36346435546875 12.513806343078613 0.0027064322493970394
-458.0819396972656 13.17330265045166 0.0027288245037198067
-459.79205322265625 13.871517181396484 0.002759380266070366
-461.49603271484375 14.60509967803955 0.0027610587421804667
-463.1919860839844 15.375130653381348 0.002737674629315734
-464.8763427734375 16.18439483642578 0.002744273981079459
-466.5466003417969 17.032333374023438 0.0027816961519420147
-468.19842529296875 17.91677474975586 0.002847423544153571
-469.8288879394531 18.831106185913086 0.002924900036305189
-471.4327697753906 19.773042678833008 0.002997379284352064
-473.0054931640625 20.74312400817871 0.0030881690327078104
-474.5502624511719 21.739238739013672 0.0031518745236098766
-476.0682678222656 22.76372718811035 0.00316900247707963
-477.5589599609375 23.819549560546875 0.0031800651922822
-479.0235900878906 24.907672882080078 0.0031834219116717577
-480.46630859375 26.0264835357666 0.0031547737307846546
-481.8868713378906 27.177045822143555 0.0031002997420728207
-483.28314208984375 28.360952377319336 0.003064021933823824
-484.6549377441406 29.5782413482666 0.00304208742454648
-486.0057373046875 30.826833724975586 0.003005237551406026
-487.3342590332031 32.10708236694336 0.0029530907049775124
-488.63763427734375 33.41994857788086 0.0029261589515954256
-489.91534423828125 34.76511764526367 0.002917270641773939
-491.1670227050781 36.142208099365234 0.002913837321102619
-492.3957824707031 37.549217224121094 0.0028916357550770044
-493.59954833984375 38.98585510253906 0.0028561591170728207
-494.7733154296875 40.45021438598633 0.002866458846256137
-495.9125671386719 41.93595504760742 0.0029366493690758944
-497.0134582519531 43.43600082397461 0.003047351725399494
-498.0773620605469 44.944583892822266 0.003148517571389675
-499.1028137207031 46.46119689941406 0.003213596297428012
-500.0879821777344 47.988094329833984 0.0032660102006047964
-501.0377197265625 49.52698516845703 0.003277034731581807
-501.95233154296875 51.08070755004883 0.0032486533746123314
-502.8304138183594 52.65151596069336 0.003222522558644414
-503.6767578125 54.23991394042969 0.003177204169332981
-504.4908752441406 55.84703063964844 0.0031126593239605427
-505.27099609375 57.47372817993164 0.003066654084250331
-506.0173645019531 59.120243072509766 0.0030326652340590954
-506.7342529296875 60.78619384765625 0.002981853438541293
-507.4205017089844 62.471614837646484 0.0029162405990064144
-508.0731506347656 64.17642211914062 0.0028776740655303
-508.6917724609375 65.90023803710938 0.002859744941815734
-509.2761535644531 67.64266204833984 0.002849369077011943
-509.83013916015625 69.4031753540039 0.002821254776790738
-510.3520202636719 71.18123626708984 0.0027777671348303556
-510.8381652832031 72.9761962890625 0.00276292790658772
-511.2882385253906 74.78738403320312 0.0027686881367117167
-511.70306396484375 76.61409759521484 0.00277570728212595
-512.0831298828125 78.45317077636719 0.002787914127111435
-512.4281616210938 80.29736328125 0.002829494420439005
-512.7399291992188 82.13811492919922 0.002897281665354967
-513.0184936523438 83.97042846679688 0.0029692267999053
-513.263916015625 85.7921371459961 0.003039455274119973
-513.4776611328125 87.60433197021484 0.0030827904120087624
-513.6618041992188 89.41044616699219 0.003081149887293577
-513.8182983398438 91.21418762207031 0.003037051996216178
-513.94921875 93.01860046386719 0.0029607200995087624
-514.0569458007812 94.8261489868164 0.0028636360075324774
-514.1431274414062 96.63874053955078 0.002757282229140401
-514.2103271484375 98.45793914794922 0.0026472280733287334
-514.260986328125 100.28498840332031 0.002532253274694085
-514.2974853515625 102.12071228027344 0.0024170493707060814
-514.3216552734375 103.96573638916016 0.002305698348209262
-514.3355102539062 105.82054138183594 0.002201251918449998
-514.3406372070312 107.6854248046875 0.002104434883221984
-514.3386840820312 109.56038665771484 0.0020181082654744387
-514.3310546875 111.44223022460938 0.0019616507925093174
-514.3191528320312 113.32270050048828 0.0019620321691036224
-514.3043212890625 115.19300842285156 0.002013149205595255
-514.28759765625 117.04817199707031 0.0020838736090809107
-514.2698364257812 118.88614654541016 0.002149677136912942
-514.2516479492188 120.70780944824219 0.0021919822320342064
-514.2327880859375 122.51670837402344 0.0022005653008818626
-514.2139892578125 124.31781768798828 0.002173099434003234
-514.1961669921875 126.11561584472656 0.0021130943205207586
-514.1793823242188 127.91371154785156 0.002035503275692463
-514.1637573242188 129.71490478515625 0.001953677972778678
-514.1494140625 131.52134704589844 0.001874790177680552
-514.1365356445312 133.3346405029297 0.001805324456654489
-514.125244140625 135.156005859375 0.001757182995788753
-514.1156005859375 136.98631286621094 0.0017214393010362983
-514.107666015625 138.82611083984375 0.0016933250008150935
-514.1015014648438 140.67581176757812 0.0016698646359145641
-514.096923828125 142.53573608398438 0.0016496466705575585
-514.0939331054688 144.40585327148438 0.0016334342071786523
-514.092529296875 146.28509521484375 0.001627597725018859
-514.0925903320312 148.1691131591797 0.0016515922034159303
-514.093994140625 150.04873657226562 0.0017281913897022605
-514.0966186523438 151.9157257080078 0.0018425177549943328
-514.1001586914062 153.76596069335938 0.001963939517736435
-514.1046752929688 155.59786987304688 0.0020711326505988836
-514.1101684570312 157.41256713867188 0.0021464729215949774
-514.1165161132812 159.21372985839844 0.0021792410407215357
-514.1235961914062 161.0065155029297 0.002169933170080185
-514.1315307617188 162.79547119140625 0.0021288872230798006
-514.14013671875 164.58436584472656 0.0020689964294433594
-514.1494140625 166.37608337402344 0.002000522566959262
-514.1593017578125 168.17282104492188 0.001930561033077538
-514.1697387695312 169.97630310058594 0.0018633841536939144
-514.180908203125 171.7877655029297 0.0018034171080216765
-514.1930541992188 173.60813903808594 0.001752567244693637
-514.2064208984375 175.43801879882812 0.0017109488835558295
-514.22119140625 177.27786254882812 0.0016781043959781528
-514.23779296875 179.12794494628906 0.0016528511187061667
-514.25634765625 180.98849487304688 0.0016346168704330921
-514.2771606445312 182.85943603515625 0.0016231727786362171
-514.3003540039062 184.73912048339844 0.0016254996880888939
-514.3259887695312 186.62271118164062 0.0016617011278867722
-514.3539428710938 188.50086975097656 0.0017506598960608244
-514.3841552734375 190.36587524414062 0.0018733787583187222
-514.4163818359375 192.21449279785156 0.001995830563828349
-514.4503784179688 194.0458526611328 0.002098293276503682
-514.486328125 195.8617706298828 0.002166309393942356
-514.5241088867188 197.6664581298828 0.0021891212090849876
-514.5636596679688 199.46487426757812 0.0021710777655243874
-514.6050415039062 201.26119995117188 0.0021254539024084806
-514.6482543945312 203.0587615966797 0.0020649146754294634
-514.6930541992188 204.86016845703125 0.001997356303036213
-514.7394409179688 206.66734313964844 0.0019299124833196402
-514.7872924804688 208.48179626464844 0.0018652534345164895
-514.8366088867188 210.3046112060547 0.0018069266807287931
-514.8873291015625 212.1365203857422 0.0017557715764269233
-514.9395141601562 213.97802734375 0.0017127417959272861
-514.9933471679688 215.82948303222656 0.0016784095205366611
-515.04931640625 217.69119262695312 0.0016526603139936924
-515.109130859375 219.5628662109375 0.0016425513895228505
